,Total,Owner occupied,Renter occupied
"Alden village, New York: Summary level: 160, state:36> place:01088",1142,739,403
"Alexander village, New York: Summary level: 160, state:36> place:01154",198,144,54
"Alexandria Bay village, New York: Summary level: 160, state:36> place:01187",466,247,219
"Alfred village, New York: Summary level: 160, state:36> place:01198",423,121,302
"Allegany village, New York: Summary level: 160, state:36> place:01286",727,468,259
"Almond village, New York: Summary level: 160, state:36> place:01440",197,141,56
"Altamont village, New York: Summary level: 160, state:36> place:01517",644,450,194
"Altmar village, New York: Summary level: 160, state:36> place:01550",136,73,63
"Altona CDP, New York: Summary level: 160, state:36> place:01572",129,86,43
"Amagansett CDP, New York: Summary level: 160, state:36> place:01594",430,360,70
"Amenia CDP, New York: Summary level: 160, state:36> place:01682",408,177,231
"Ames village, New York: Summary level: 160, state:36> place:01737",70,56,14
"Amityville village, New York: Summary level: 160, state:36> place:02044",3480,2314,1166
"Amsterdam city, New York: Summary level: 160, state:36> place:02066",7787,3978,3809
"Andes CDP, New York: Summary level: 160, state:36> place:02121",99,64,35
"Andover village, New York: Summary level: 160, state:36> place:02143",366,259,107
"Angelica village, New York: Summary level: 160, state:36> place:02176",391,299,92
"Angola village, New York: Summary level: 160, state:36> place:02198",771,568,203
"Angola on the Lake CDP, New York: Summary level: 160, state:36> place:02220",642,527,115
"Antwerp village, New York: Summary level: 160, state:36> place:02286",197,146,51
"Apalachin CDP, New York: Summary level: 160, state:36> place:02308",503,334,169
"Aquebogue CDP, New York: Summary level: 160, state:36> place:02374",863,582,281
"Arcade village, New York: Summary level: 160, state:36> place:02407",871,539,332
"Ardsley village, New York: Summary level: 160, state:36> place:02506",1538,1272,266
"Argyle village, New York: Summary level: 160, state:36> place:02550",133,77,56
"Arkport village, New York: Summary level: 160, state:36> place:02583",368,291,77
"Arlington CDP, New York: Summary level: 160, state:36> place:02616",1439,417,1022
"Armonk CDP, New York: Summary level: 160, state:36> place:02649",1351,1242,109
"Asharoken village, New York: Summary level: 160, state:36> place:02737",224,207,17
"Athens village, New York: Summary level: 160, state:36> place:02902",634,428,206
"Atlantic Beach village, New York: Summary level: 160, state:36> place:02968",696,615,81
"Attica village, New York: Summary level: 160, state:36> place:03001",1105,662,443
"Auburn city, New York: Summary level: 160, state:36> place:03078",11248,5344,5904
"Aurora village, New York: Summary level: 160, state:36> place:03188",164,108,56
"Au Sable Forks CDP, New York: Summary level: 160, state:36> place:03254",206,143,63
"Averill Park CDP, New York: Summary level: 160, state:36> place:03320",631,549,82
"Avoca village, New York: Summary level: 160, state:36> place:03331",378,310,68
"Avon village, New York: Summary level: 160, state:36> place:03353",1360,911,449
"Babylon village, New York: Summary level: 160, state:36> place:03408",4521,3398,1123
"Bainbridge village, New York: Summary level: 160, state:36> place:04033",562,353,209
"Baiting Hollow CDP, New York: Summary level: 160, state:36> place:04055",642,618,24
"Baldwin CDP, New York: Summary level: 160, state:36> place:04143",7497,5970,1527
"Baldwin Harbor CDP, New York: Summary level: 160, state:36> place:04154",2626,2307,319
"Baldwinsville village, New York: Summary level: 160, state:36> place:04198",3115,1969,1146
"Ballston Spa village, New York: Summary level: 160, state:36> place:04253",2423,1267,1156
"Balmville CDP, New York: Summary level: 160, state:36> place:04286",1096,862,234
"Bardonia CDP, New York: Summary level: 160, state:36> place:04396",1393,1202,191
"Barker village, New York: Summary level: 160, state:36> place:04440",219,157,62
"Barneveld village, New York: Summary level: 160, state:36> place:04528",106,79,27
"Barnum Island CDP, New York: Summary level: 160, state:36> place:04550",807,692,115
"Batavia city, New York: Summary level: 160, state:36> place:04715",6379,3389,2990
"Bath village, New York: Summary level: 160, state:36> place:04759",2822,1662,1160
"Baxter Estates village, New York: Summary level: 160, state:36> place:04803",361,271,90
"Bay Park CDP, New York: Summary level: 160, state:36> place:04891",747,647,100
"Bayport CDP, New York: Summary level: 160, state:36> place:04913",3217,2114,1103
"Bay Shore CDP, New York: Summary level: 160, state:36> place:04935",9491,5487,4004
"Bayville village, New York: Summary level: 160, state:36> place:05034",2458,2020,438
"Baywood CDP, New York: Summary level: 160, state:36> place:05039",2143,1858,285
"Beacon city, New York: Summary level: 160, state:36> place:05100",5528,2761,2767
"Beaver Dam Lake CDP, New York: Summary level: 160, state:36> place:05188",797,766,31
"Bedford CDP, New York: Summary level: 160, state:36> place:05309",737,604,133
"Bedford Hills CDP, New York: Summary level: 160, state:36> place:05342",1177,554,623
"Belfast CDP, New York: Summary level: 160, state:36> place:05562",425,219,206
"Bellerose village, New York: Summary level: 160, state:36> place:05639",394,373,21
"Bellerose Terrace CDP, New York: Summary level: 160, state:36> place:05661",572,485,87
"Belle Terre village, New York: Summary level: 160, state:36> place:05672",277,268,9
"Belleville CDP, New York: Summary level: 160, state:36> place:05683",88,30,58
"Bellmore CDP, New York: Summary level: 160, state:36> place:05738",5522,4906,616
"Bellport village, New York: Summary level: 160, state:36> place:05771",1038,836,202
"Belmont village, New York: Summary level: 160, state:36> place:05815",451,312,139
"Bemus Point village, New York: Summary level: 160, state:36> place:05848",109,65,44
"Bergen village, New York: Summary level: 160, state:36> place:06046",489,356,133
"Bethpage CDP, New York: Summary level: 160, state:36> place:06387",5803,5221,582
"Big Flats CDP, New York: Summary level: 160, state:36> place:06464",2241,1786,455
"Billington Heights CDP, New York: Summary level: 160, state:36> place:06574",586,458,128
"Binghamton city, New York: Summary level: 160, state:36> place:06607",20079,9212,10867
"Binghamton University CDP, New York: Summary level: 160, state:36> place:06644",0,0,0
"Black River village, New York: Summary level: 160, state:36> place:06794",579,387,192
"Blasdell village, New York: Summary level: 160, state:36> place:06849",1131,594,537
"Blauvelt CDP, New York: Summary level: 160, state:36> place:06860",1697,1589,108
"Bliss CDP, New York: Summary level: 160, state:36> place:06904",225,199,26
"Blodgett Mills CDP, New York: Summary level: 160, state:36> place:06937",126,100,26
"Bloomfield village, New York: Summary level: 160, state:36> place:06945",608,428,180
"Bloomingburg village, New York: Summary level: 160, state:36> place:06959",211,105,106
"Bloomville CDP, New York: Summary level: 160, state:36> place:07025",93,87,6
"Blue Point CDP, New York: Summary level: 160, state:36> place:07069",1652,1468,184
"Bohemia CDP, New York: Summary level: 160, state:36> place:07157",3564,2901,663
"Bolivar village, New York: Summary level: 160, state:36> place:07190",458,275,183
"Bolton Landing CDP, New York: Summary level: 160, state:36> place:07245",297,169,128
"Boonville village, New York: Summary level: 160, state:36> place:07355",838,413,425
"Brasher Falls CDP, New York: Summary level: 160, state:36> place:07960",263,152,111
"Breesport CDP, New York: Summary level: 160, state:36> place:08004",237,237,0
"Brentwood CDP, New York: Summary level: 160, state:36> place:08026",13973,10159,3814
"Brewerton CDP, New York: Summary level: 160, state:36> place:08059",1705,1096,609
"Brewster village, New York: Summary level: 160, state:36> place:08070",877,161,716
"Brewster Hill CDP, New York: Summary level: 160, state:36> place:08092",625,515,110
"Briarcliff Manor village, New York: Summary level: 160, state:36> place:08103",2674,2164,510
"Bridgehampton CDP, New York: Summary level: 160, state:36> place:08136",593,497,96
"Bridgeport CDP, New York: Summary level: 160, state:36> place:08147",605,442,163
"Bridgewater village, New York: Summary level: 160, state:36> place:08169",184,123,61
"Brighton CDP, New York: Summary level: 160, state:36> place:08257",15567,8836,6731
"Brightwaters village, New York: Summary level: 160, state:36> place:08323",1076,977,99
"Brinckerhoff CDP, New York: Summary level: 160, state:36> place:08334",962,878,84
"Broadalbin village, New York: Summary level: 160, state:36> place:08422",626,451,175
"Brockport village, New York: Summary level: 160, state:36> place:08466",2504,1194,1310
"Brocton village, New York: Summary level: 160, state:36> place:08488",661,398,263
"Bronxville village, New York: Summary level: 160, state:36> place:08532",2203,1745,458
"Brookhaven CDP, New York: Summary level: 160, state:36> place:09000",1063,896,167
"Brookville village, New York: Summary level: 160, state:36> place:10132",792,729,63
"Brownville village, New York: Summary level: 160, state:36> place:10231",351,212,139
"Brushton village, New York: Summary level: 160, state:36> place:10286",206,123,83
"Buchanan village, New York: Summary level: 160, state:36> place:10341",881,722,159
"Buffalo city, New York: Summary level: 160, state:36> place:11000",112037,47254,64783
"Burdett village, New York: Summary level: 160, state:36> place:11132",154,133,21
"Burke village, New York: Summary level: 160, state:36> place:11154",78,56,22
"Busti CDP, New York: Summary level: 160, state:36> place:11440",139,90,49
"Byersville CDP, New York: Summary level: 160, state:36> place:11550",30,18,12
"Cairo CDP, New York: Summary level: 160, state:36> place:11638",519,294,225
"Calcium CDP, New York: Summary level: 160, state:36> place:11671",1469,189,1280
"Caledonia village, New York: Summary level: 160, state:36> place:11704",938,641,297
"Callicoon CDP, New York: Summary level: 160, state:36> place:11748",79,23,56
"Calverton CDP, New York: Summary level: 160, state:36> place:11781",2879,2492,387
"Cambridge village, New York: Summary level: 160, state:36> place:11825",781,500,281
"Camden village, New York: Summary level: 160, state:36> place:11847",998,575,423
"Camillus village, New York: Summary level: 160, state:36> place:11902",558,280,278
"Campbell CDP, New York: Summary level: 160, state:36> place:11935",304,212,92
"Canajoharie village, New York: Summary level: 160, state:36> place:12111",830,529,301
"Canandaigua city, New York: Summary level: 160, state:36> place:12144",4988,2675,2313
"Canaseraga village, New York: Summary level: 160, state:36> place:12177",284,192,92
"Canastota village, New York: Summary level: 160, state:36> place:12188",1963,1192,771
"Candor village, New York: Summary level: 160, state:36> place:12210",314,225,89
"Canisteo village, New York: Summary level: 160, state:36> place:12254",914,618,296
"Canton village, New York: Summary level: 160, state:36> place:12331",1694,835,859
"Cape Vincent village, New York: Summary level: 160, state:36> place:12353",326,224,102
"Carle Place CDP, New York: Summary level: 160, state:36> place:12419",1889,1334,555
"Carmel Hamlet CDP, New York: Summary level: 160, state:36> place:12532",2206,1735,471
"Caroga Lake CDP, New York: Summary level: 160, state:36> place:12584",235,216,19
"Carthage village, New York: Summary level: 160, state:36> place:12683",1612,819,793
"Cassadaga village, New York: Summary level: 160, state:36> place:12749",267,207,60
"Castile village, New York: Summary level: 160, state:36> place:12771",419,279,140
"Castleton-on-Hudson village, New York: Summary level: 160, state:36> place:12870",520,399,121
"Castorland village, New York: Summary level: 160, state:36> place:12881",105,66,39
"Cato village, New York: Summary level: 160, state:36> place:12958",212,138,74
"Catskill village, New York: Summary level: 160, state:36> place:13002",1308,619,689
"Cattaraugus village, New York: Summary level: 160, state:36> place:13024",468,340,128
"Cayuga village, New York: Summary level: 160, state:36> place:13068",207,169,38
"Cayuga Heights village, New York: Summary level: 160, state:36> place:13079",1476,721,755
"Cazenovia village, New York: Summary level: 160, state:36> place:13145",946,553,393
"Cedarhurst village, New York: Summary level: 160, state:36> place:13233",2133,1391,742
"Celoron village, New York: Summary level: 160, state:36> place:13288",514,317,197
"Centereach CDP, New York: Summary level: 160, state:36> place:13376",10013,8575,1438
"Center Moriches CDP, New York: Summary level: 160, state:36> place:13420",2772,2203,569
"Centerport CDP, New York: Summary level: 160, state:36> place:13442",2033,1892,141
"Central Bridge CDP, New York: Summary level: 160, state:36> place:13530",174,72,102
"Central Islip CDP, New York: Summary level: 160, state:36> place:13552",9834,6685,3149
"Central Square village, New York: Summary level: 160, state:36> place:13585",818,472,346
"Centre Island village, New York: Summary level: 160, state:36> place:13618",157,138,19
"Chadwicks CDP, New York: Summary level: 160, state:36> place:13662",675,325,350
"Champlain village, New York: Summary level: 160, state:36> place:13739",461,242,219
"Chappaqua CDP, New York: Summary level: 160, state:36> place:13805",494,354,140
"Chateaugay village, New York: Summary level: 160, state:36> place:13981",306,198,108
"Chatham village, New York: Summary level: 160, state:36> place:14003",698,331,367
"Chaumont village, New York: Summary level: 160, state:36> place:14036",242,161,81
"Chautauqua CDP, New York: Summary level: 160, state:36> place:14058",173,142,31
"Chazy CDP, New York: Summary level: 160, state:36> place:14102",174,151,23
"Cheektowaga CDP, New York: Summary level: 160, state:36> place:15000",32762,23015,9747
"Chenango Bridge CDP, New York: Summary level: 160, state:36> place:15121",1169,1066,103
"Cherry Creek village, New York: Summary level: 160, state:36> place:15187",199,139,60
"Cherry Valley village, New York: Summary level: 160, state:36> place:15242",242,153,89
"Chester village, New York: Summary level: 160, state:36> place:15297",1699,1171,528
"Chestertown CDP, New York: Summary level: 160, state:36> place:15363",309,260,49
"Chestnut Ridge village, New York: Summary level: 160, state:36> place:15400",2498,2070,428
"Chittenango village, New York: Summary level: 160, state:36> place:15561",1902,1488,414
"Churchville village, New York: Summary level: 160, state:36> place:15638",825,679,146
"Clarence CDP, New York: Summary level: 160, state:36> place:15814",1009,701,308
"Clarence Center CDP, New York: Summary level: 160, state:36> place:15836",752,679,73
"Clark Mills CDP, New York: Summary level: 160, state:36> place:15902",976,592,384
"Clarkson CDP, New York: Summary level: 160, state:36> place:15946",1587,1230,357
"Claverack-Red Mills CDP, New York: Summary level: 160, state:36> place:16050",381,240,141
"Clayton village, New York: Summary level: 160, state:36> place:16089",804,388,416
"Clayville village, New York: Summary level: 160, state:36> place:16111",174,103,71
"Cleveland village, New York: Summary level: 160, state:36> place:16188",302,245,57
"Clifton Springs village, New York: Summary level: 160, state:36> place:16375",813,476,337
"Clinton village, New York: Summary level: 160, state:36> place:16419",899,546,353
"Clintondale CDP, New York: Summary level: 160, state:36> place:16452",524,280,244
"Clyde village, New York: Summary level: 160, state:36> place:16573",736,536,200
"Cobleskill village, New York: Summary level: 160, state:36> place:16628",1640,827,813
"Cohocton village, New York: Summary level: 160, state:36> place:16727",397,305,92
"Cohoes city, New York: Summary level: 160, state:36> place:16749",7346,3319,4027
"Cold Brook village, New York: Summary level: 160, state:36> place:16815",141,95,46
"Cold Spring village, New York: Summary level: 160, state:36> place:16936",858,494,364
"Cold Spring Harbor CDP, New York: Summary level: 160, state:36> place:16958",1707,1619,88
"Colonie village, New York: Summary level: 160, state:36> place:17332",3219,2633,586
"Colton CDP, New York: Summary level: 160, state:36> place:17398",195,116,79
"Commack CDP, New York: Summary level: 160, state:36> place:17530",11643,10709,934
"Conesus Hamlet CDP, New York: Summary level: 160, state:36> place:17620",120,76,44
"Conesus Lake CDP, New York: Summary level: 160, state:36> place:17622",1429,1182,247
"Congers CDP, New York: Summary level: 160, state:36> place:17739",2903,2482,421
"Constableville village, New York: Summary level: 160, state:36> place:17882",125,102,23
"Constantia CDP, New York: Summary level: 160, state:36> place:17893",377,244,133
"Coopers Plains CDP, New York: Summary level: 160, state:36> place:18036",247,177,70
"Cooperstown village, New York: Summary level: 160, state:36> place:18047",1011,535,476
"Copake Lake CDP, New York: Summary level: 160, state:36> place:18124",281,264,17
"Copenhagen village, New York: Summary level: 160, state:36> place:18135",252,134,118
"Copiague CDP, New York: Summary level: 160, state:36> place:18146",7448,5277,2171
"Coram CDP, New York: Summary level: 160, state:36> place:18157",14674,9903,4771
"Corfu village, New York: Summary level: 160, state:36> place:18201",314,209,105
"Corinth village, New York: Summary level: 160, state:36> place:18212",952,593,359
"Corning city, New York: Summary level: 160, state:36> place:18256",5253,2713,2540
"Cornwall-on-Hudson village, New York: Summary level: 160, state:36> place:18333",1194,821,373
"Cortland city, New York: Summary level: 160, state:36> place:18388",6592,2965,3627
"Cortland West CDP, New York: Summary level: 160, state:36> place:18443",501,476,25
"Country Knolls CDP, New York: Summary level: 160, state:36> place:18542",730,701,29
"Cove Neck village, New York: Summary level: 160, state:36> place:18597",84,71,13
"Coxsackie village, New York: Summary level: 160, state:36> place:18718",1113,675,438
"Cragsmoor CDP, New York: Summary level: 160, state:36> place:18762",223,198,25
"Cranberry Lake CDP, New York: Summary level: 160, state:36> place:18817",92,92,0
"Croghan village, New York: Summary level: 160, state:36> place:19070",270,136,134
"Crompond CDP, New York: Summary level: 160, state:36> place:19092",718,690,28
"Croton-on-Hudson village, New York: Summary level: 160, state:36> place:19213",2884,2262,622
"Crown Heights CDP, New York: Summary level: 160, state:36> place:19229",1032,859,173
"Crugers CDP, New York: Summary level: 160, state:36> place:19290",810,170,640
"Crystal Beach CDP, New York: Summary level: 160, state:36> place:19308",236,137,99
"Cuba village, New York: Summary level: 160, state:36> place:19356",684,425,259
"Cumberland Head CDP, New York: Summary level: 160, state:36> place:19408",667,581,86
"Cumminsville CDP, New York: Summary level: 160, state:36> place:19411",93,93,0
"Cutchogue CDP, New York: Summary level: 160, state:36> place:19466",1328,1149,179
"Cuylerville CDP, New York: Summary level: 160, state:36> place:19510",135,100,35
"Dalton CDP, New York: Summary level: 160, state:36> place:19587",141,121,20
"Dannemora village, New York: Summary level: 160, state:36> place:19642",409,251,158
"Dansville village, New York: Summary level: 160, state:36> place:19664",2113,1342,771
"Davenport Center CDP, New York: Summary level: 160, state:36> place:19774",170,147,23
"Deer Park CDP, New York: Summary level: 160, state:36> place:19972",9422,7754,1668
"Deferiet village, New York: Summary level: 160, state:36> place:19994",110,72,38
"DeKalb Junction CDP, New York: Summary level: 160, state:36> place:20049",155,143,12
"Delanson village, New York: Summary level: 160, state:36> place:20082",141,120,21
"Delevan village, New York: Summary level: 160, state:36> place:20115",501,288,213
"Delhi village, New York: Summary level: 160, state:36> place:20126",861,481,380
"Depauville CDP, New York: Summary level: 160, state:36> place:20302",305,214,91
"Depew village, New York: Summary level: 160, state:36> place:20313",6509,4834,1675
"Deposit village, New York: Summary level: 160, state:36> place:20346",800,440,360
"Dering Harbor village, New York: Summary level: 160, state:36> place:20379",4,2,2
"DeRuyter village, New York: Summary level: 160, state:36> place:20390",212,119,93
"Dexter village, New York: Summary level: 160, state:36> place:20500",482,316,166
"Dix Hills CDP, New York: Summary level: 160, state:36> place:20687",8227,7654,573
"Dobbs Ferry village, New York: Summary level: 160, state:36> place:20698",3736,2305,1431
"Dolgeville village, New York: Summary level: 160, state:36> place:20731",884,542,342
"Dover Plains CDP, New York: Summary level: 160, state:36> place:20841",626,354,272
"Downsville CDP, New York: Summary level: 160, state:36> place:20852",264,145,119
"Dresden village, New York: Summary level: 160, state:36> place:20896",119,83,36
"Dryden village, New York: Summary level: 160, state:36> place:20951",828,506,322
"Duane Lake CDP, New York: Summary level: 160, state:36> place:20989",169,169,0
"Duanesburg CDP, New York: Summary level: 160, state:36> place:20995",106,68,38
"Dundee village, New York: Summary level: 160, state:36> place:21050",801,405,396
"Dunkirk city, New York: Summary level: 160, state:36> place:21105",5608,3362,2246
"Durhamville CDP, New York: Summary level: 160, state:36> place:21226",223,100,123
"Earlville village, New York: Summary level: 160, state:36> place:21523",358,229,129
"East Atlantic Beach CDP, New York: Summary level: 160, state:36> place:21578",897,707,190
"East Aurora village, New York: Summary level: 160, state:36> place:21589",2542,1834,708
"East Avon CDP, New York: Summary level: 160, state:36> place:21600",165,129,36
"Monroe village, New York: Summary level: 160, state:36> place:47988",2618,2121,497
"Monsey CDP, New York: Summary level: 160, state:36> place:48010",3536,1410,2126
"Montauk CDP, New York: Summary level: 160, state:36> place:48054",1737,1316,421
"Montebello village, New York: Summary level: 160, state:36> place:48090",1457,1245,212
"Montgomery village, New York: Summary level: 160, state:36> place:48142",1383,920,463
"Monticello village, New York: Summary level: 160, state:36> place:48175",2869,771,2098
"Montour Falls village, New York: Summary level: 160, state:36> place:48197",759,405,354
"Montrose CDP, New York: Summary level: 160, state:36> place:48208",1049,929,120
"Mooers CDP, New York: Summary level: 160, state:36> place:48241",176,72,104
"Moravia village, New York: Summary level: 160, state:36> place:48296",575,396,179
"Moriches CDP, New York: Summary level: 160, state:36> place:48450",1127,580,547
"Morris village, New York: Summary level: 160, state:36> place:48483",233,172,61
"Morrisonville CDP, New York: Summary level: 160, state:36> place:48538",796,484,312
"Morristown village, New York: Summary level: 160, state:36> place:48571",198,149,49
"Morrisville village, New York: Summary level: 160, state:36> place:48593",296,172,124
"Mountain Lodge Park CDP, New York: Summary level: 160, state:36> place:48750",582,528,54
"Mount Ivy CDP, New York: Summary level: 160, state:36> place:48879",2700,1786,914
"Mount Kisco village, New York: Summary level: 160, state:36> place:48890",4128,2167,1961
"Mount Morris village, New York: Summary level: 160, state:36> place:48945",1133,555,578
"Mount Sinai CDP, New York: Summary level: 160, state:36> place:49066",4172,3966,206
"Mount Vernon city, New York: Summary level: 160, state:36> place:49121",25998,9790,16208
"Munnsville village, New York: Summary level: 160, state:36> place:49220",164,111,53
"Munsey Park village, New York: Summary level: 160, state:36> place:49231",747,747,0
"Munsons Corners CDP, New York: Summary level: 160, state:36> place:49242",957,559,398
"Muttontown village, New York: Summary level: 160, state:36> place:49330",1054,1004,50
"Myers Corner CDP, New York: Summary level: 160, state:36> place:49363",2195,2152,43
"Nanuet CDP, New York: Summary level: 160, state:36> place:49407",6721,4578,2143
"Napanoch CDP, New York: Summary level: 160, state:36> place:49418",521,388,133
"Napeague CDP, New York: Summary level: 160, state:36> place:49424",90,75,15
"Naples village, New York: Summary level: 160, state:36> place:49429",441,292,149
"Narrowsburg CDP, New York: Summary level: 160, state:36> place:49473",199,150,49
"Nassau village, New York: Summary level: 160, state:36> place:49506",509,298,211
"Natural Bridge CDP, New York: Summary level: 160, state:36> place:49605",181,116,65
"Nedrow CDP, New York: Summary level: 160, state:36> place:49726",866,737,129
"Nelliston village, New York: Summary level: 160, state:36> place:49748",297,219,78
"Nelsonville village, New York: Summary level: 160, state:36> place:49781",244,175,69
"Nesconset CDP, New York: Summary level: 160, state:36> place:49825",4457,3601,856
"Newark village, New York: Summary level: 160, state:36> place:49891",3761,2068,1693
"Newark Valley village, New York: Summary level: 160, state:36> place:49902",422,314,108
"New Berlin village, New York: Summary level: 160, state:36> place:49946",448,283,165
"Newburgh city, New York: Summary level: 160, state:36> place:50034",9236,3070,6166
"New Cassel CDP, New York: Summary level: 160, state:36> place:50067",3109,1837,1272
"New City CDP, New York: Summary level: 160, state:36> place:50100",11001,9976,1025
"Newfane CDP, New York: Summary level: 160, state:36> place:50221",1304,1023,281
"Newfield Hamlet CDP, New York: Summary level: 160, state:36> place:50257",287,263,24
"New Hartford village, New York: Summary level: 160, state:36> place:50298",828,514,314
"New Hempstead village, New York: Summary level: 160, state:36> place:50353",1165,1137,28
"New Hyde Park village, New York: Summary level: 160, state:36> place:50397",3248,2616,632
"New Paltz village, New York: Summary level: 160, state:36> place:50551",2128,636,1492
"Newport village, New York: Summary level: 160, state:36> place:50573",218,107,111
"New Rochelle city, New York: Summary level: 160, state:36> place:50617",28202,14070,14132
"New Square village, New York: Summary level: 160, state:36> place:50705",1240,130,1110
"New Suffolk CDP, New York: Summary level: 160, state:36> place:50727",173,143,30
"New Windsor CDP, New York: Summary level: 160, state:36> place:50837",3415,2538,877
"New York city, New York: Summary level: 160, state:36> place:51000",3070298,989708,2080590
"New York Mills village, New York: Summary level: 160, state:36> place:51011",1582,777,805
"Niagara Falls city, New York: Summary level: 160, state:36> place:51055",21737,12138,9599
"Nichols village, New York: Summary level: 160, state:36> place:51110",166,123,43
"Niskayuna CDP, New York: Summary level: 160, state:36> place:51262",1803,1667,136
"Nissequogue village, New York: Summary level: 160, state:36> place:51286",541,504,37
"Niverville CDP, New York: Summary level: 160, state:36> place:51297",719,616,103
"Norfolk CDP, New York: Summary level: 160, state:36> place:51319",504,326,178
"North Amityville CDP, New York: Summary level: 160, state:36> place:51396",5407,3436,1971
"Northampton CDP, New York: Summary level: 160, state:36> place:51418",183,122,61
"North Babylon CDP, New York: Summary level: 160, state:36> place:51440",6027,5011,1016
"North Ballston Spa CDP, New York: Summary level: 160, state:36> place:51467",557,496,61
"North Bay Shore CDP, New York: Summary level: 160, state:36> place:51495",4751,3528,1223
"North Bellmore CDP, New York: Summary level: 160, state:36> place:51517",6485,5855,630
"North Bellport CDP, New York: Summary level: 160, state:36> place:51528",3551,2098,1453
"North Boston CDP, New York: Summary level: 160, state:36> place:51583",1090,841,249
"North Collins village, New York: Summary level: 160, state:36> place:51792",439,322,117
"North Creek CDP, New York: Summary level: 160, state:36> place:51847",176,88,88
"Northeast Ithaca CDP, New York: Summary level: 160, state:36> place:51915",1152,606,546
"North Gates CDP, New York: Summary level: 160, state:36> place:52040",4213,2473,1740
"North Great River CDP, New York: Summary level: 160, state:36> place:52078",1216,1190,26
"North Haven village, New York: Summary level: 160, state:36> place:52188",390,338,52
"North Hills village, New York: Summary level: 160, state:36> place:53022",2400,2130,270
"North Hornell village, New York: Summary level: 160, state:36> place:53055",335,296,39
"North Lindenhurst CDP, New York: Summary level: 160, state:36> place:53198",3736,2659,1077
"North Lynbrook CDP, New York: Summary level: 160, state:36> place:53231",221,179,42
"North Massapequa CDP, New York: Summary level: 160, state:36> place:53253",6185,5749,436
"North Merrick CDP, New York: Summary level: 160, state:36> place:53264",3822,3554,268
"North New Hyde Park CDP, New York: Summary level: 160, state:36> place:53275",4622,4473,149
"North Patchogue CDP, New York: Summary level: 160, state:36> place:53319",2260,2067,193
"Northport village, New York: Summary level: 160, state:36> place:53396",2773,2193,580
"North Rose CDP, New York: Summary level: 160, state:36> place:53462",243,221,22
"North Sea CDP, New York: Summary level: 160, state:36> place:53561",1830,1495,335
"North Syracuse village, New York: Summary level: 160, state:36> place:53660",3303,2147,1156
"North Tonawanda city, New York: Summary level: 160, state:36> place:53682",13937,9299,4638
"North Valley Stream CDP, New York: Summary level: 160, state:36> place:53748",5229,4774,455
"Northville village, New York: Summary level: 160, state:36> place:53770",403,310,93
"Northville CDP, New York: Summary level: 160, state:36> place:53775",659,602,57
"North Wantagh CDP, New York: Summary level: 160, state:36> place:53792",4157,3905,252
"Northwest Harbor CDP, New York: Summary level: 160, state:36> place:53852",1724,1535,189
"Northwest Ithaca CDP, New York: Summary level: 160, state:36> place:53853",522,261,261
"Norwich city, New York: Summary level: 160, state:36> place:53979",2924,1505,1419
"Norwood village, New York: Summary level: 160, state:36> place:54012",650,445,205
"Noyack CDP, New York: Summary level: 160, state:36> place:54056",1619,1331,288
"Nunda village, New York: Summary level: 160, state:36> place:54078",599,341,258
"Nyack village, New York: Summary level: 160, state:36> place:54100",3334,1099,2235
"Oak Beach-Captree CDP, New York: Summary level: 160, state:36> place:54112",231,231,0
"Oakdale CDP, New York: Summary level: 160, state:36> place:54144",2840,2442,398
"Oakfield village, New York: Summary level: 160, state:36> place:54155",702,454,248
"Ocean Beach village, New York: Summary level: 160, state:36> place:54430",39,39,0
"Oceanside CDP, New York: Summary level: 160, state:36> place:54441",10794,9527,1267
"Odessa village, New York: Summary level: 160, state:36> place:54452",275,183,92
"Ogdensburg city, New York: Summary level: 160, state:36> place:54485",4231,2661,1570
"Olcott CDP, New York: Summary level: 160, state:36> place:54540",530,409,121
"Old Bethpage CDP, New York: Summary level: 160, state:36> place:54551",1809,1626,183
"Old Brookville village, New York: Summary level: 160, state:36> place:54562",795,725,70
"Old Field village, New York: Summary level: 160, state:36> place:54617",320,308,12
"Old Forge CDP, New York: Summary level: 160, state:36> place:54639",342,196,146
"Old Westbury village, New York: Summary level: 160, state:36> place:54705",921,828,93
"Olean city, New York: Summary level: 160, state:36> place:54716",6247,3454,2793
"Oneida city, New York: Summary level: 160, state:36> place:54837",4552,2667,1885
"Oneida Castle village, New York: Summary level: 160, state:36> place:54848",285,203,82
"Oneonta city, New York: Summary level: 160, state:36> place:54881",4372,1890,2482
"Ontario CDP, New York: Summary level: 160, state:36> place:55002",998,763,235
"Orangeburg CDP, New York: Summary level: 160, state:36> place:55167",1433,885,548
"Orange Lake CDP, New York: Summary level: 160, state:36> place:55189",2641,2345,296
"Orchard Park village, New York: Summary level: 160, state:36> place:55266",1449,954,495
"Orient CDP, New York: Summary level: 160, state:36> place:55321",346,311,35
"Oriskany village, New York: Summary level: 160, state:36> place:55365",523,363,160
"Oriskany Falls village, New York: Summary level: 160, state:36> place:55376",314,190,124
"Ossining village, New York: Summary level: 160, state:36> place:55530",7789,3878,3911
"Oswego city, New York: Summary level: 160, state:36> place:55574",7476,3879,3597
"Otego village, New York: Summary level: 160, state:36> place:55618",491,348,143
"Otisville village, New York: Summary level: 160, state:36> place:55673",416,305,111
"Eastchester CDP, New York: Summary level: 160, state:36> place:21809",7799,6410,1389
"East Farmingdale CDP, New York: Summary level: 160, state:36> place:21985",2007,1466,541
"East Garden City CDP, New York: Summary level: 160, state:36> place:22065",1152,787,365
"East Glenville CDP, New York: Summary level: 160, state:36> place:22084",2593,1971,622
"East Greenbush CDP, New York: Summary level: 160, state:36> place:22106",1801,1224,577
"East Hampton village, New York: Summary level: 160, state:36> place:22183",593,434,159
"East Hampton North CDP, New York: Summary level: 160, state:36> place:22200",1580,1047,533
"East Hills village, New York: Summary level: 160, state:36> place:22260",2214,2176,38
"East Islip CDP, New York: Summary level: 160, state:36> place:22315",4510,4026,484
"East Ithaca CDP, New York: Summary level: 160, state:36> place:22326",1110,565,545
"East Kingston CDP, New York: Summary level: 160, state:36> place:22370",82,75,7
"East Marion CDP, New York: Summary level: 160, state:36> place:22447",468,443,25
"East Massapequa CDP, New York: Summary level: 160, state:36> place:22480",6418,5498,920
"East Meadow CDP, New York: Summary level: 160, state:36> place:22502",12226,10640,1586
"East Moriches CDP, New York: Summary level: 160, state:36> place:22546",1946,1485,461
"East Nassau village, New York: Summary level: 160, state:36> place:22557",250,197,53
"East Northport CDP, New York: Summary level: 160, state:36> place:22612",6968,5980,988
"East Norwich CDP, New York: Summary level: 160, state:36> place:22623",924,858,66
"East Patchogue CDP, New York: Summary level: 160, state:36> place:22733",8270,5211,3059
"Eastport CDP, New York: Summary level: 160, state:36> place:22810",674,464,210
"East Quogue CDP, New York: Summary level: 160, state:36> place:22832",1805,1626,179
"East Randolph CDP, New York: Summary level: 160, state:36> place:22843",191,128,63
"East Rochester village, New York: Summary level: 160, state:36> place:22865",2846,1749,1097
"East Rockaway village, New York: Summary level: 160, state:36> place:22876",3598,2617,981
"East Shoreham CDP, New York: Summary level: 160, state:36> place:22980",2036,1914,122
"East Syracuse village, New York: Summary level: 160, state:36> place:23052",1439,685,754
"East Williston village, New York: Summary level: 160, state:36> place:23217",844,808,36
"Eatons Neck CDP, New York: Summary level: 160, state:36> place:23316",493,483,10
"Eden CDP, New York: Summary level: 160, state:36> place:23404",1298,1148,150
"Edmeston CDP, New York: Summary level: 160, state:36> place:23602",290,178,112
"Eggertsville CDP, New York: Summary level: 160, state:36> place:23701",6283,4646,1637
"Elba village, New York: Summary level: 160, state:36> place:23745",257,212,45
"Elbridge village, New York: Summary level: 160, state:36> place:23789",385,312,73
"Elizabethtown CDP, New York: Summary level: 160, state:36> place:23822",304,208,96
"Ellenville village, New York: Summary level: 160, state:36> place:23965",1478,758,720
"Ellicottville village, New York: Summary level: 160, state:36> place:24020",169,118,51
"Ellisburg village, New York: Summary level: 160, state:36> place:24075",82,54,28
"Elma Center CDP, New York: Summary level: 160, state:36> place:24141",1112,1014,98
"Elmira city, New York: Summary level: 160, state:36> place:24229",11001,5290,5711
"Elmira Heights village, New York: Summary level: 160, state:36> place:24251",1782,841,941
"Elmont CDP, New York: Summary level: 160, state:36> place:24273",9697,7565,2132
"Elmsford village, New York: Summary level: 160, state:36> place:24295",1546,757,789
"Elwood CDP, New York: Summary level: 160, state:36> place:24405",3508,3260,248
"Endicott village, New York: Summary level: 160, state:36> place:24515",6077,2648,3429
"Endwell CDP, New York: Summary level: 160, state:36> place:24526",5122,3715,1407
"Erin CDP, New York: Summary level: 160, state:36> place:24625",177,166,11
"Esperance village, New York: Summary level: 160, state:36> place:24713",149,127,22
"Evans Mills village, New York: Summary level: 160, state:36> place:24823",242,147,95
"Fabius village, New York: Summary level: 160, state:36> place:24867",147,115,32
"Fair Haven village, New York: Summary level: 160, state:36> place:24988",352,235,117
"Fairmount CDP, New York: Summary level: 160, state:36> place:25043",4136,3352,784
"Fairport village, New York: Summary level: 160, state:36> place:25076",2327,1758,569
"Fairview CDP (Dutchess County), New York: Summary level: 160, state:36> place:25109",1691,1229,462
"Fairview CDP (Westchester County), New York: Summary level: 160, state:36> place:25120",884,325,559
"Falconer village, New York: Summary level: 160, state:36> place:25164",1102,643,459
"Farmingdale village, New York: Summary level: 160, state:36> place:25384",3170,2193,977
"Farmingville CDP, New York: Summary level: 160, state:36> place:25417",4761,4031,730
"Farnham village, New York: Summary level: 160, state:36> place:25428",129,99,30
"Fayetteville village, New York: Summary level: 160, state:36> place:25527",2152,1516,636
"Felts Mills CDP, New York: Summary level: 160, state:36> place:25571",97,57,40
"Fillmore CDP, New York: Summary level: 160, state:36> place:25747",301,174,127
"Fire Island CDP, New York: Summary level: 160, state:36> place:25839",124,111,13
"Firthcliffe CDP, New York: Summary level: 160, state:36> place:25857",1978,1245,733
"Fishers Island CDP, New York: Summary level: 160, state:36> place:25923",121,95,26
"Fishers Landing CDP, New York: Summary level: 160, state:36> place:25934",35,35,0
"Fishkill village, New York: Summary level: 160, state:36> place:25967",997,304,693
"Flanders CDP, New York: Summary level: 160, state:36> place:26121",1413,1072,341
"Fleischmanns village, New York: Summary level: 160, state:36> place:26209",126,89,37
"Floral Park village, New York: Summary level: 160, state:36> place:26264",5519,4458,1061
"Florida village, New York: Summary level: 160, state:36> place:26319",1114,842,272
"Flower Hill village, New York: Summary level: 160, state:36> place:26352",1382,1289,93
"Fonda village, New York: Summary level: 160, state:36> place:26462",299,172,127
"Forest Home CDP, New York: Summary level: 160, state:36> place:26561",333,67,266
"Forestville village, New York: Summary level: 160, state:36> place:26649",295,201,94
"Fort Ann village, New York: Summary level: 160, state:36> place:26704",195,147,48
"Fort Covington Hamlet CDP, New York: Summary level: 160, state:36> place:26752",554,381,173
"Fort Drum CDP, New York: Summary level: 160, state:36> place:26759",3845,34,3811
"Fort Edward village, New York: Summary level: 160, state:36> place:26770",1347,981,366
"Fort Johnson village, New York: Summary level: 160, state:36> place:26880",218,177,41
"Fort Montgomery CDP, New York: Summary level: 160, state:36> place:26902",477,342,135
"Fort Plain village, New York: Summary level: 160, state:36> place:26924",793,475,318
"Fort Salonga CDP, New York: Summary level: 160, state:36> place:26946",3335,3035,300
"Fowlerville CDP, New York: Summary level: 160, state:36> place:27133",127,91,36
"Frankfort village, New York: Summary level: 160, state:36> place:27188",1033,627,406
"Franklin village, New York: Summary level: 160, state:36> place:27221",161,78,83
"Franklin Square CDP, New York: Summary level: 160, state:36> place:27309",10010,8359,1651
"Franklinville village, New York: Summary level: 160, state:36> place:27331",741,443,298
"Fredonia village, New York: Summary level: 160, state:36> place:27419",3926,2323,1603
"Freedom Plains CDP, New York: Summary level: 160, state:36> place:27452",221,200,21
"Freeport village, New York: Summary level: 160, state:36> place:27485",13854,9107,4747
"Freeville village, New York: Summary level: 160, state:36> place:27529",236,156,80
"Frewsburg CDP, New York: Summary level: 160, state:36> place:27672",940,602,338
"Friendship CDP, New York: Summary level: 160, state:36> place:27694",406,240,166
"Fulton city, New York: Summary level: 160, state:36> place:27815",4652,2450,2202
"Fultonville village, New York: Summary level: 160, state:36> place:27859",259,186,73
"Gainesville village, New York: Summary level: 160, state:36> place:27969",103,77,26
"Galeville CDP, New York: Summary level: 160, state:36> place:28035",2121,1428,693
"Galway village, New York: Summary level: 160, state:36> place:28101",90,71,19
"Gang Mills CDP, New York: Summary level: 160, state:36> place:28145",1773,882,891
"Garden City village, New York: Summary level: 160, state:36> place:28178",7409,7029,380
"Garden City Park CDP, New York: Summary level: 160, state:36> place:28189",2555,2053,502
"Garden City South CDP, New York: Summary level: 160, state:36> place:28200",1313,1203,110
"Gardiner CDP, New York: Summary level: 160, state:36> place:28244",297,163,134
"Gardnertown CDP, New York: Summary level: 160, state:36> place:28310",1614,1455,159
"Gasport CDP, New York: Summary level: 160, state:36> place:28431",341,216,125
"Gates CDP, New York: Summary level: 160, state:36> place:28453",2012,1809,203
"Geneseo village, New York: Summary level: 160, state:36> place:28618",1808,845,963
"Geneva city, New York: Summary level: 160, state:36> place:28640",4736,2368,2368
"Germantown CDP, New York: Summary level: 160, state:36> place:28761",323,258,65
"Ghent CDP, New York: Summary level: 160, state:36> place:28860",181,153,28
"Gilbertsville village, New York: Summary level: 160, state:36> place:28959",150,105,45
"Gilgo CDP, New York: Summary level: 160, state:36> place:28990",95,95,0
"Glasco CDP, New York: Summary level: 160, state:36> place:29014",887,634,253
"Glen Aubrey CDP, New York: Summary level: 160, state:36> place:29058",149,95,54
"Glen Cove city, New York: Summary level: 160, state:36> place:29113",9445,5136,4309
"Glen Head CDP, New York: Summary level: 160, state:36> place:29245",1624,1396,228
"Glen Park village, New York: Summary level: 160, state:36> place:29322",169,124,45
"Glens Falls city, New York: Summary level: 160, state:36> place:29333",6662,3529,3133
"Glens Falls North CDP, New York: Summary level: 160, state:36> place:29338",3898,2493,1405
"Glenwood Landing CDP, New York: Summary level: 160, state:36> place:29421",1339,1182,157
"Gloversville city, New York: Summary level: 160, state:36> place:29443",6379,2899,3480
"Golden's Bridge CDP, New York: Summary level: 160, state:36> place:29476",608,592,16
"Gordon Heights CDP, New York: Summary level: 160, state:36> place:29509",1174,747,427
"Gorham CDP, New York: Summary level: 160, state:36> place:29520",277,209,68
"Goshen village, New York: Summary level: 160, state:36> place:29542",2136,1117,1019
"Gouverneur village, New York: Summary level: 160, state:36> place:29597",1631,833,798
"Gowanda village, New York: Summary level: 160, state:36> place:29630",1096,671,425
"Grand View-on-Hudson village, New York: Summary level: 160, state:36> place:29872",142,107,35
"Grandyle Village CDP, New York: Summary level: 160, state:36> place:29894",1879,1614,265
"Granville village, New York: Summary level: 160, state:36> place:30026",1031,569,462
"Great Bend CDP, New York: Summary level: 160, state:36> place:30136",382,270,112
"Great Neck village, New York: Summary level: 160, state:36> place:30169",3373,2556,817
"Great Neck Estates village, New York: Summary level: 160, state:36> place:30191",941,829,112
"Great Neck Gardens CDP, New York: Summary level: 160, state:36> place:30202",352,352,0
"Great Neck Plaza village, New York: Summary level: 160, state:36> place:30213",3383,1654,1729
"Great River CDP, New York: Summary level: 160, state:36> place:30235",519,486,33
"Greece CDP, New York: Summary level: 160, state:36> place:30279",6292,4769,1523
"Greene village, New York: Summary level: 160, state:36> place:30411",709,373,336
"Green Island village, New York: Summary level: 160, state:36> place:30521",1026,320,706
"Greenlawn CDP, New York: Summary level: 160, state:36> place:30543",4615,3722,893
"Greenport village, New York: Summary level: 160, state:36> place:30576",917,450,467
"Greenport West CDP, New York: Summary level: 160, state:36> place:30581",887,691,196
"Greenvale CDP, New York: Summary level: 160, state:36> place:30598",296,210,86
"Greenville CDP (Greene County), New York: Summary level: 160, state:36> place:30609",330,214,116
"Greenville CDP (Westchester County), New York: Summary level: 160, state:36> place:30642",2339,2212,127
"Greenwich village, New York: Summary level: 160, state:36> place:30675",843,418,425
"Greenwood Lake village, New York: Summary level: 160, state:36> place:30752",1195,894,301
"Greigsville CDP, New York: Summary level: 160, state:36> place:30807",85,85,0
"Groton village, New York: Summary level: 160, state:36> place:30961",1049,680,369
"Groveland Station CDP, New York: Summary level: 160, state:36> place:31022",97,81,16
"Guilford CDP, New York: Summary level: 160, state:36> place:31137",112,78,34
"Hadley CDP, New York: Summary level: 160, state:36> place:31258",411,302,109
"Hagaman village, New York: Summary level: 160, state:36> place:31291",516,423,93
"Hailesboro CDP, New York: Summary level: 160, state:36> place:31346",244,179,65
"Halesite CDP, New York: Summary level: 160, state:36> place:31445",1050,894,156
"Hall CDP, New York: Summary level: 160, state:36> place:31533",79,74,5
"Hamburg village, New York: Summary level: 160, state:36> place:31643",4112,2877,1235
"Hamilton village, New York: Summary level: 160, state:36> place:31709",743,450,293
"Hamlin CDP, New York: Summary level: 160, state:36> place:31786",1891,1610,281
"Hammond village, New York: Summary level: 160, state:36> place:31830",127,87,40
"Hammondsport village, New York: Summary level: 160, state:36> place:31852",342,204,138
"Hampton Bays CDP, New York: Summary level: 160, state:36> place:31896",5064,3737,1327
"Hampton Manor CDP, New York: Summary level: 160, state:36> place:31918",982,892,90
"Hancock village, New York: Summary level: 160, state:36> place:31940",401,269,132
"Hannawa Falls CDP, New York: Summary level: 160, state:36> place:32006",490,391,99
"Hannibal village, New York: Summary level: 160, state:36> place:32017",270,226,44
"Harbor Hills CDP, New York: Summary level: 160, state:36> place:32094",161,161,0
"Harbor Isle CDP, New York: Summary level: 160, state:36> place:32105",490,481,9
"Harriman village, New York: Summary level: 160, state:36> place:32325",1070,659,411
"Harris Hill CDP, New York: Summary level: 160, state:36> place:32391",2126,1782,344
"Harrison village, New York: Summary level: 160, state:36> place:32402",8350,5444,2906
"Harrisville village, New York: Summary level: 160, state:36> place:32424",239,151,88
"Hartsdale CDP, New York: Summary level: 160, state:36> place:32523",2540,1815,725
"Hartwick CDP, New York: Summary level: 160, state:36> place:32578",230,160,70
"Hastings-on-Hudson village, New York: Summary level: 160, state:36> place:32710",2938,2070,868
"Hauppauge CDP, New York: Summary level: 160, state:36> place:32732",7234,6272,962
"Haverstraw village, New York: Summary level: 160, state:36> place:32754",3640,1763,1877
"Haviland CDP, New York: Summary level: 160, state:36> place:32776",1488,1200,288
"Hawthorne CDP, New York: Summary level: 160, state:36> place:32842",1564,1341,223
"Head of the Harbor village, New York: Summary level: 160, state:36> place:32963",473,439,34
"Hemlock CDP, New York: Summary level: 160, state:36> place:33128",191,191,0
"Hempstead village, New York: Summary level: 160, state:36> place:33139",16182,6444,9738
"Henderson CDP, New York: Summary level: 160, state:36> place:34044",76,50,26
"Heritage Hills CDP, New York: Summary level: 160, state:36> place:34118",2496,2190,306
"Herkimer village, New York: Summary level: 160, state:36> place:34121",3349,1488,1861
"Hermon village, New York: Summary level: 160, state:36> place:34165",150,115,35
"Herricks CDP, New York: Summary level: 160, state:36> place:34198",1297,1262,35
"Herrings village, New York: Summary level: 160, state:36> place:34220",29,28,1
"Heuvelton village, New York: Summary level: 160, state:36> place:34264",275,197,78
"Hewlett CDP, New York: Summary level: 160, state:36> place:34286",2316,2066,250
"Hewlett Bay Park village, New York: Summary level: 160, state:36> place:34297",145,143,2
"Hewlett Harbor village, New York: Summary level: 160, state:36> place:34308",397,385,12
"Hewlett Neck village, New York: Summary level: 160, state:36> place:34319",131,129,2
"Hicksville CDP, New York: Summary level: 160, state:36> place:34374",13426,11371,2055
"High Falls CDP, New York: Summary level: 160, state:36> place:34451",340,249,91
"Highland CDP, New York: Summary level: 160, state:36> place:34484",2308,1390,918
"Highland Falls village, New York: Summary level: 160, state:36> place:34495",1718,732,986
"Hillburn village, New York: Summary level: 160, state:36> place:34660",280,204,76
"Hillcrest CDP, New York: Summary level: 160, state:36> place:34693",2004,1808,196
"Hillside CDP, New York: Summary level: 160, state:36> place:34786",293,288,5
"Hillside Lake CDP, New York: Summary level: 160, state:36> place:34803",366,349,17
"Hilton village, New York: Summary level: 160, state:36> place:34847",2248,1546,702
"Hobart village, New York: Summary level: 160, state:36> place:34979",203,120,83
"Holbrook CDP, New York: Summary level: 160, state:36> place:35056",9215,7195,2020
"Holland CDP, New York: Summary level: 160, state:36> place:35111",456,322,134
"Holland Patent village, New York: Summary level: 160, state:36> place:35144",154,118,36
"Holley village, New York: Summary level: 160, state:36> place:35155",880,500,380
"Holtsville CDP, New York: Summary level: 160, state:36> place:35254",6610,5430,1180
"Homer village, New York: Summary level: 160, state:36> place:35276",1339,971,368
"Honeoye CDP, New York: Summary level: 160, state:36> place:35353",250,193,57
"Honeoye Falls village, New York: Summary level: 160, state:36> place:35364",1198,749,449
"Hoosick Falls village, New York: Summary level: 160, state:36> place:35474",1326,785,541
"Hopewell Junction CDP, New York: Summary level: 160, state:36> place:35573",195,184,11
"Hornell city, New York: Summary level: 160, state:36> place:35672",3637,1886,1751
"Horseheads village, New York: Summary level: 160, state:36> place:35694",3059,1832,1227
"Horseheads North CDP, New York: Summary level: 160, state:36> place:35710",1159,885,274
"Hortonville CDP, New York: Summary level: 160, state:36> place:35738",67,28,39
"Houghton CDP, New York: Summary level: 160, state:36> place:35771",278,158,120
"Hudson city, New York: Summary level: 160, state:36> place:35969",2937,1129,1808
"Hudson Falls village, New York: Summary level: 160, state:36> place:35980",2987,1789,1198
"Hunt CDP, New York: Summary level: 160, state:36> place:36156",26,22,4
"Hunter village, New York: Summary level: 160, state:36> place:36167",218,151,67
"Huntington CDP, New York: Summary level: 160, state:36> place:36233",7051,5807,1244
"Huntington Bay village, New York: Summary level: 160, state:36> place:37022",569,560,9
"Huntington Station CDP, New York: Summary level: 160, state:36> place:37044",10390,7221,3169
"Hurley CDP, New York: Summary level: 160, state:36> place:37132",1378,1198,180
"Hyde Park CDP, New York: Summary level: 160, state:36> place:37198",853,638,215
"Ilion village, New York: Summary level: 160, state:36> place:37275",3396,1873,1523
"Interlaken village, New York: Summary level: 160, state:36> place:37528",256,172,84
"Inwood CDP, New York: Summary level: 160, state:36> place:37583",2977,1392,1585
"Irondequoit CDP, New York: Summary level: 160, state:36> place:37737",22076,17261,4815
"Irvington village, New York: Summary level: 160, state:36> place:37803",2609,2006,603
"Islandia village, New York: Summary level: 160, state:36> place:37840",1005,937,68
"Island Park village, New York: Summary level: 160, state:36> place:37847",1691,1112,579
"Islip CDP, New York: Summary level: 160, state:36> place:37869",6334,5242,1092
"Islip Terrace CDP, New York: Summary level: 160, state:36> place:38022",1744,1470,274
"Ithaca city, New York: Summary level: 160, state:36> place:38077",9944,2677,7267
"Jamesport CDP, New York: Summary level: 160, state:36> place:38253",549,479,70
"Jamestown city, New York: Summary level: 160, state:36> place:38264",13351,6623,6728
"Jamestown West CDP, New York: Summary level: 160, state:36> place:38275",914,766,148
"Jefferson Heights CDP, New York: Summary level: 160, state:36> place:38451",379,160,219
"Jefferson Valley-Yorktown CDP, New York: Summary level: 160, state:36> place:38500",5296,4785,511
"Jeffersonville village, New York: Summary level: 160, state:36> place:38506",123,83,40
"Jericho CDP, New York: Summary level: 160, state:36> place:38539",4566,3816,750
"Johnson City village, New York: Summary level: 160, state:36> place:38748",6490,3594,2896
"Johnstown city, New York: Summary level: 160, state:36> place:38781",3763,2145,1618
"Jordan village, New York: Summary level: 160, state:36> place:38825",494,354,140
"Kaser village, New York: Summary level: 160, state:36> place:38934",964,66,898
"Katonah CDP, New York: Summary level: 160, state:36> place:38946",604,392,212
"Keeseville village, New York: Summary level: 160, state:36> place:39089",810,534,276
"Kenmore village, New York: Summary level: 160, state:36> place:39232",6890,4566,2324
"Kennedy CDP, New York: Summary level: 160, state:36> place:39243",184,129,55
"Kensington village, New York: Summary level: 160, state:36> place:39309",397,389,8
"Kerhonkson CDP, New York: Summary level: 160, state:36> place:39397",673,581,92
"Keuka Park CDP, New York: Summary level: 160, state:36> place:39463",77,68,9
"Kinderhook village, New York: Summary level: 160, state:36> place:39562",571,478,93
"Kings Park CDP, New York: Summary level: 160, state:36> place:39672",6128,5005,1123
"Kings Point village, New York: Summary level: 160, state:36> place:39694",1347,1247,100
"Kingston city, New York: Summary level: 160, state:36> place:39727",9883,4616,5267
"Kiryas Joel village, New York: Summary level: 160, state:36> place:39853",3716,1251,2465
"Kysorville CDP, New York: Summary level: 160, state:36> place:40175",28,22,6
"Lackawanna city, New York: Summary level: 160, state:36> place:40189",8214,4754,3460
"Lacona village, New York: Summary level: 160, state:36> place:40200",265,201,64
"La Fargeville CDP, New York: Summary level: 160, state:36> place:40233",173,146,27
"Lake Carmel CDP, New York: Summary level: 160, state:36> place:40398",2763,2460,303
"Lake Erie Beach CDP, New York: Summary level: 160, state:36> place:40486",1544,1290,254
"Lake George village, New York: Summary level: 160, state:36> place:40508",406,245,161
"Lake Grove village, New York: Summary level: 160, state:36> place:40530",3631,2956,675
"Lake Katrine CDP, New York: Summary level: 160, state:36> place:40585",843,527,316
"Lakeland CDP, New York: Summary level: 160, state:36> place:40607",1149,1026,123
"Lake Luzerne CDP, New York: Summary level: 160, state:36> place:40651",398,322,76
"Lake Mohegan CDP, New York: Summary level: 160, state:36> place:40689",1989,1474,515
"Lake Placid village, New York: Summary level: 160, state:36> place:40761",1326,506,820
"Lake Ronkonkoma CDP, New York: Summary level: 160, state:36> place:40838",6723,4940,1783
"Lake Success village, New York: Summary level: 160, state:36> place:40937",827,807,20
"Lakeview CDP, New York: Summary level: 160, state:36> place:41003",1502,1235,267
"Lakeville CDP, New York: Summary level: 160, state:36> place:41036",240,141,99
"Lakewood village, New York: Summary level: 160, state:36> place:41069",1309,917,392
"Lancaster village, New York: Summary level: 160, state:36> place:41135",4303,3086,1217
"Lansing village, New York: Summary level: 160, state:36> place:41223",1673,494,1179
"Larchmont village, New York: Summary level: 160, state:36> place:41333",2228,1622,606
"Lattingtown village, New York: Summary level: 160, state:36> place:41432",613,545,68
"Laurel CDP, New York: Summary level: 160, state:36> place:41465",449,422,27
"Laurel Hollow village, New York: Summary level: 160, state:36> place:41487",530,527,3
"Laurens village, New York: Summary level: 160, state:36> place:41520",97,56,41
"Lawrence village, New York: Summary level: 160, state:36> place:41553",2045,1782,263
"Leeds CDP, New York: Summary level: 160, state:36> place:41784",132,102,30
"Leicester village, New York: Summary level: 160, state:36> place:41872",204,155,49
"Le Roy village, New York: Summary level: 160, state:36> place:42026",1614,1055,559
"Levittown CDP, New York: Summary level: 160, state:36> place:42081",16785,15253,1532
"Lewiston village, New York: Summary level: 160, state:36> place:42147",1268,938,330
"Liberty village, New York: Summary level: 160, state:36> place:42224",1763,654,1109
"Lido Beach CDP, New York: Summary level: 160, state:36> place:42279",1103,1048,55
"Lima village, New York: Summary level: 160, state:36> place:42323",891,590,301
"Lime Lake CDP, New York: Summary level: 160, state:36> place:42345",217,168,49
"Limestone CDP, New York: Summary level: 160, state:36> place:42378",130,82,48
"Lincolndale CDP, New York: Summary level: 160, state:36> place:42455",410,367,43
"Lincoln Park CDP, New York: Summary level: 160, state:36> place:42488",1154,572,582
"Lindenhurst village, New York: Summary level: 160, state:36> place:42554",8983,7209,1774
"Linwood CDP, New York: Summary level: 160, state:36> place:42609",33,33,0
"Lisle village, New York: Summary level: 160, state:36> place:42642",122,92,30
"Little Falls city, New York: Summary level: 160, state:36> place:42741",2310,1251,1059
"Little Valley village, New York: Summary level: 160, state:36> place:42829",440,272,168
"Liverpool village, New York: Summary level: 160, state:36> place:42884",1110,742,368
"Livingston Manor CDP, New York: Summary level: 160, state:36> place:42928",468,253,215
"Livonia village, New York: Summary level: 160, state:36> place:42950",596,352,244
"Livonia Center CDP, New York: Summary level: 160, state:36> place:42972",98,67,31
"Lloyd Harbor village, New York: Summary level: 160, state:36> place:43005",1085,1028,57
"Loch Sheldrake CDP, New York: Summary level: 160, state:36> place:43038",323,194,129
"Lockport city, New York: Summary level: 160, state:36> place:43082",8990,5186,3804
"Locust Valley CDP, New York: Summary level: 160, state:36> place:43192",1191,943,248
"Lodi village, New York: Summary level: 160, state:36> place:43214",163,150,13
"Long Beach city, New York: Summary level: 160, state:36> place:43335",14430,8248,6182
"Long Lake CDP, New York: Summary level: 160, state:36> place:43401",171,145,26
"Lorenz Park CDP, New York: Summary level: 160, state:36> place:43511",959,630,329
"Lorraine CDP, New York: Summary level: 160, state:36> place:43533",78,73,5
"Lowville village, New York: Summary level: 160, state:36> place:43720",1668,1010,658
"Lynbrook village, New York: Summary level: 160, state:36> place:43874",7121,5283,1838
"Lyncourt CDP, New York: Summary level: 160, state:36> place:43885",1879,1368,511
"Lyndonville village, New York: Summary level: 160, state:36> place:43918",341,267,74
"Lyon Mountain CDP, New York: Summary level: 160, state:36> place:43951",213,195,18
"Lyons village, New York: Summary level: 160, state:36> place:43962",1579,953,626
"Lyons Falls village, New York: Summary level: 160, state:36> place:44006",339,263,76
"Macedon village, New York: Summary level: 160, state:36> place:44149",557,471,86
"McGraw village, New York: Summary level: 160, state:36> place:44193",439,283,156
"Machias CDP, New York: Summary level: 160, state:36> place:44226",230,155,75
"Madison village, New York: Summary level: 160, state:36> place:44424",148,105,43
"Madrid CDP, New York: Summary level: 160, state:36> place:44479",259,201,58
"Mahopac CDP, New York: Summary level: 160, state:36> place:44534",2905,2217,688
"Malden-on-Hudson CDP, New York: Summary level: 160, state:36> place:44677",82,82,0
"Malone village, New York: Summary level: 160, state:36> place:44710",2482,1421,1061
"Malverne village, New York: Summary level: 160, state:36> place:44787",3033,2786,247
"Malverne Park Oaks CDP, New York: Summary level: 160, state:36> place:44792",166,166,0
"Mamaroneck village, New York: Summary level: 160, state:36> place:44831",7189,4360,2829
"Manchester village, New York: Summary level: 160, state:36> place:44853",743,608,135
"Manhasset CDP, New York: Summary level: 160, state:36> place:44897",2646,1992,654
"Manhasset Hills CDP, New York: Summary level: 160, state:36> place:44908",1198,1132,66
"Manlius village, New York: Summary level: 160, state:36> place:45018",1838,1131,707
"Mannsville village, New York: Summary level: 160, state:36> place:45073",129,108,21
"Manorhaven village, New York: Summary level: 160, state:36> place:45106",2377,1023,1354
"Manorville CDP, New York: Summary level: 160, state:36> place:45139",4839,4153,686
"Marathon village, New York: Summary level: 160, state:36> place:45392",445,239,206
"Marcellus village, New York: Summary level: 160, state:36> place:45480",736,408,328
"Margaretville village, New York: Summary level: 160, state:36> place:45557",252,138,114
"Mariaville Lake CDP, New York: Summary level: 160, state:36> place:45573",282,282,0
"Marion CDP, New York: Summary level: 160, state:36> place:45634",648,461,187
"Marlboro CDP, New York: Summary level: 160, state:36> place:45700",1400,923,477
"Massapequa CDP, New York: Summary level: 160, state:36> place:45986",7207,6753,454
"Massapequa Park village, New York: Summary level: 160, state:36> place:45997",5500,5415,85
"Massena village, New York: Summary level: 160, state:36> place:46019",4971,2910,2061
"Mastic CDP, New York: Summary level: 160, state:36> place:46074",5180,4149,1031
"Mastic Beach village, New York: Summary level: 160, state:36> place:46085",4827,3546,1281
"Matinecock village, New York: Summary level: 160, state:36> place:46107",287,240,47
"Mattituck CDP, New York: Summary level: 160, state:36> place:46140",1795,1417,378
"Mattydale CDP, New York: Summary level: 160, state:36> place:46151",2669,1822,847
"Maybrook village, New York: Summary level: 160, state:36> place:46162",1113,580,533
"Mayfield village, New York: Summary level: 160, state:36> place:46206",313,247,66
"Mayville village, New York: Summary level: 160, state:36> place:46239",573,362,211
"Mechanicstown CDP, New York: Summary level: 160, state:36> place:46349",2669,1176,1493
"Mechanicville city, New York: Summary level: 160, state:36> place:46360",2357,894,1463
"Medford CDP, New York: Summary level: 160, state:36> place:46404",7943,6788,1155
"Medina village, New York: Summary level: 160, state:36> place:46415",2409,1330,1079
"Melrose Park CDP, New York: Summary level: 160, state:36> place:46503",904,879,25
"Melville CDP, New York: Summary level: 160, state:36> place:46514",6926,5886,1040
"Menands village, New York: Summary level: 160, state:36> place:46536",1702,618,1084
"Meridian village, New York: Summary level: 160, state:36> place:46646",113,90,23
"Merrick CDP, New York: Summary level: 160, state:36> place:46668",7033,6671,362
"Merritt Park CDP, New York: Summary level: 160, state:36> place:46750",476,402,74
"Mexico village, New York: Summary level: 160, state:36> place:46811",715,432,283
"Middleburgh village, New York: Summary level: 160, state:36> place:46866",695,432,263
"Middle Island CDP, New York: Summary level: 160, state:36> place:46976",4058,3136,922
"Middleport village, New York: Summary level: 160, state:36> place:46998",667,462,205
"Middletown city, New York: Summary level: 160, state:36> place:47042",9506,4764,4742
"Middleville village, New York: Summary level: 160, state:36> place:47108",239,195,44
"Milford village, New York: Summary level: 160, state:36> place:47229",188,135,53
"Millbrook village, New York: Summary level: 160, state:36> place:47273",701,330,371
"Miller Place CDP, New York: Summary level: 160, state:36> place:47306",3977,3697,280
"Millerton village, New York: Summary level: 160, state:36> place:47361",312,181,131
"Mill Neck village, New York: Summary level: 160, state:36> place:47405",353,329,24
"Millport village, New York: Summary level: 160, state:36> place:47427",118,95,23
"Milton CDP (Saratoga County), New York: Summary level: 160, state:36> place:47548",1228,1049,179
"Milton CDP (Ulster County), New York: Summary level: 160, state:36> place:47554",528,362,166
"Mineola village, New York: Summary level: 160, state:36> place:47636",7239,4849,2390
"Minetto CDP, New York: Summary level: 160, state:36> place:47680",377,302,75
"Mineville CDP, New York: Summary level: 160, state:36> place:47702",359,300,59
"Minoa village, New York: Summary level: 160, state:36> place:47757",1551,1260,291
"Mohawk village, New York: Summary level: 160, state:36> place:47823",1114,726,388
"Accord CDP, New York: Summary level: 160, state:36> place:00155",227,127,100
"Adams village, New York: Summary level: 160, state:36> place:00199",771,457,314
"Adams Center CDP, New York: Summary level: 160, state:36> place:00232",882,631,251
"Addison village, New York: Summary level: 160, state:36> place:00276",749,542,207
"Afton village, New York: Summary level: 160, state:36> place:00342",423,291,132
"Airmont village, New York: Summary level: 160, state:36> place:00408",2719,2229,490
"Akron village, New York: Summary level: 160, state:36> place:00441",1191,701,490
"Albany city, New York: Summary level: 160, state:36> place:01000",39868,15570,24298
"Albertson CDP, New York: Summary level: 160, state:36> place:01011",1764,1719,45
"Albion village, New York: Summary level: 160, state:36> place:01033",2230,1276,954
"Theresa village, New York: Summary level: 160, state:36> place:73517",374,246,128
"Thiells CDP, New York: Summary level: 160, state:36> place:73583",1593,1465,128
"Thomaston village, New York: Summary level: 160, state:36> place:73605",1014,828,186
"Thornwood CDP, New York: Summary level: 160, state:36> place:73715",1269,842,427
"Thousand Island Park CDP, New York: Summary level: 160, state:36> place:73726",30,30,0
"Three Mile Bay CDP, New York: Summary level: 160, state:36> place:73737",67,41,26
"Ticonderoga CDP, New York: Summary level: 160, state:36> place:73880",1595,1017,578
"Tillson CDP, New York: Summary level: 160, state:36> place:73902",593,499,94
"Titusville CDP, New York: Summary level: 160, state:36> place:74017",226,226,0
"Tivoli village, New York: Summary level: 160, state:36> place:74023",412,233,179
"Tonawanda city, New York: Summary level: 160, state:36> place:74166",6713,4802,1911
"Tonawanda CDP, New York: Summary level: 160, state:36> place:74183",25439,18561,6878
"Town Line CDP, New York: Summary level: 160, state:36> place:75121",1086,933,153
"Tribes Hill CDP, New York: Summary level: 160, state:36> place:75341",464,455,9
"Troy city, New York: Summary level: 160, state:36> place:75484",20171,7783,12388
"Trumansburg village, New York: Summary level: 160, state:36> place:75506",761,440,321
"Tuckahoe CDP, New York: Summary level: 160, state:36> place:75572",479,345,134
"Tuckahoe village, New York: Summary level: 160, state:36> place:75583",2660,1374,1286
"Tully village, New York: Summary level: 160, state:36> place:75627",374,192,182
"Tupper Lake village, New York: Summary level: 160, state:36> place:75671",1527,938,589
"Turin village, New York: Summary level: 160, state:36> place:75682",75,68,7
"Tuscarora CDP, New York: Summary level: 160, state:36> place:75726",9,9,0
"Tuxedo Park village, New York: Summary level: 160, state:36> place:75803",226,199,27
"Unadilla village, New York: Summary level: 160, state:36> place:76001",440,355,85
"Uniondale CDP, New York: Summary level: 160, state:36> place:76089",5986,4633,1353
"Union Springs village, New York: Summary level: 160, state:36> place:76155",434,321,113
"Unionville village, New York: Summary level: 160, state:36> place:76210",197,166,31
"University at Buffalo CDP, New York: Summary level: 160, state:36> place:76280",150,0,150
"University Gardens CDP, New York: Summary level: 160, state:36> place:76287",1518,1404,114
"Upper Brookville village, New York: Summary level: 160, state:36> place:76331",485,448,37
"Upper Nyack village, New York: Summary level: 160, state:36> place:76386",723,641,82
"Utica city, New York: Summary level: 160, state:36> place:76540",24041,11460,12581
"Vails Gate CDP, New York: Summary level: 160, state:36> place:76584",1505,767,738
"Valatie village, New York: Summary level: 160, state:36> place:76617",542,284,258
"Valhalla CDP, New York: Summary level: 160, state:36> place:76639",1157,893,264
"Valley Cottage CDP, New York: Summary level: 160, state:36> place:76661",3473,2748,725
"Valley Falls village, New York: Summary level: 160, state:36> place:76672",202,148,54
"Valley Stream village, New York: Summary level: 160, state:36> place:76705",11373,9113,2260
"Van Etten village, New York: Summary level: 160, state:36> place:76881",221,173,48
"Vernon village, New York: Summary level: 160, state:36> place:77112",460,241,219
"Verona CDP, New York: Summary level: 160, state:36> place:77167",270,270,0
"Verplanck CDP, New York: Summary level: 160, state:36> place:77211",566,239,327
"Victor village, New York: Summary level: 160, state:36> place:77376",1016,700,316
"Victory village, New York: Summary level: 160, state:36> place:77431",205,166,39
"Village Green CDP, New York: Summary level: 160, state:36> place:77513",1939,999,940
"Village of the Branch village, New York: Summary level: 160, state:36> place:77519",561,518,43
"Viola CDP, New York: Summary level: 160, state:36> place:77574",1743,1137,606
"Voorheesville village, New York: Summary level: 160, state:36> place:77684",1078,868,210
"Waddington village, New York: Summary level: 160, state:36> place:77728",365,253,112
"Wading River CDP, New York: Summary level: 160, state:36> place:77772",2777,2582,195
"Wadsworth CDP, New York: Summary level: 160, state:36> place:77783",72,72,0
"Wainscott CDP, New York: Summary level: 160, state:36> place:77805",287,203,84
"Walden village, New York: Summary level: 160, state:36> place:77849",2580,1620,960
"Walker Valley CDP, New York: Summary level: 160, state:36> place:77948",320,278,42
"Wallkill CDP, New York: Summary level: 160, state:36> place:78003",846,519,327
"Walton village, New York: Summary level: 160, state:36> place:78036",1414,723,691
"Walton Park CDP, New York: Summary level: 160, state:36> place:78063",763,742,21
"Wampsville village, New York: Summary level: 160, state:36> place:78113",213,201,12
"Wanakah CDP, New York: Summary level: 160, state:36> place:78124",1344,1209,135
"Wantagh CDP, New York: Summary level: 160, state:36> place:78146",5973,5717,256
"Wappingers Falls village, New York: Summary level: 160, state:36> place:78168",2180,799,1381
"Warrensburg CDP, New York: Summary level: 160, state:36> place:78289",1300,940,360
"Warsaw village, New York: Summary level: 160, state:36> place:78333",1555,885,670
"Warwick village, New York: Summary level: 160, state:36> place:78355",2942,1868,1074
"Washington Heights CDP, New York: Summary level: 160, state:36> place:78421",637,524,113
"Washington Mills CDP, New York: Summary level: 160, state:36> place:78454",407,165,242
"Washingtonville village, New York: Summary level: 160, state:36> place:78465",2105,1595,510
"Watchtower CDP, New York: Summary level: 160, state:36> place:78487",34,0,34
"Waterford village, New York: Summary level: 160, state:36> place:78520",983,511,472
"Waterloo village, New York: Summary level: 160, state:36> place:78553",2044,1484,560
"Water Mill CDP, New York: Summary level: 160, state:36> place:78575",812,770,42
"Watertown city, New York: Summary level: 160, state:36> place:78608",11687,4861,6826
"Waterville village, New York: Summary level: 160, state:36> place:78663",601,350,251
"Watervliet city, New York: Summary level: 160, state:36> place:78674",4860,1901,2959
"Watkins Glen village, New York: Summary level: 160, state:36> place:78696",885,478,407
"Waverly village, New York: Summary level: 160, state:36> place:78806",1854,954,900
"Wayland village, New York: Summary level: 160, state:36> place:78850",694,404,290
"Webster village, New York: Summary level: 160, state:36> place:78960",2461,1036,1425
"Websters Crossing CDP, New York: Summary level: 160, state:36> place:78982",14,14,0
"Weedsport village, New York: Summary level: 160, state:36> place:79015",749,538,211
"Wellsburg village, New York: Summary level: 160, state:36> place:79081",233,173,60
"Wellsville village, New York: Summary level: 160, state:36> place:79092",2052,1076,976
"Wesley Hills village, New York: Summary level: 160, state:36> place:79174",1569,1420,149
"West Babylon CDP, New York: Summary level: 160, state:36> place:79246",14218,10946,3272
"West Bay Shore CDP, New York: Summary level: 160, state:36> place:79301",1656,1524,132
"Westbury village, New York: Summary level: 160, state:36> place:79444",4927,3708,1219
"West Carthage village, New York: Summary level: 160, state:36> place:79499",801,375,426
"West Chazy CDP, New York: Summary level: 160, state:36> place:79543",249,215,34
"West Elmira CDP, New York: Summary level: 160, state:36> place:79785",2133,1830,303
"West End CDP, New York: Summary level: 160, state:36> place:79796",791,679,112
"Westfield village, New York: Summary level: 160, state:36> place:79939",1462,1137,325
"West Glens Falls CDP, New York: Summary level: 160, state:36> place:80082",2857,2195,662
"Westhampton CDP, New York: Summary level: 160, state:36> place:80170",1127,902,225
"Westhampton Beach village, New York: Summary level: 160, state:36> place:80181",952,682,270
"West Hampton Dunes village, New York: Summary level: 160, state:36> place:80186",20,18,2
"West Haverstraw village, New York: Summary level: 160, state:36> place:80203",2989,1975,1014
"West Hempstead CDP, New York: Summary level: 160, state:36> place:80225",5912,5006,906
"West Hills CDP, New York: Summary level: 160, state:36> place:80258",1991,1791,200
"West Hurley CDP, New York: Summary level: 160, state:36> place:80291",919,889,30
"West Islip CDP, New York: Summary level: 160, state:36> place:80302",8883,8294,589
"Westmere CDP, New York: Summary level: 160, state:36> place:80423",3065,1736,1329
"Westmoreland CDP, New York: Summary level: 160, state:36> place:80522",111,111,0
"West Nyack CDP, New York: Summary level: 160, state:36> place:80599",1129,1094,35
"Weston Mills CDP, New York: Summary level: 160, state:36> place:80632",607,441,166
"West Point CDP, New York: Summary level: 160, state:36> place:80747",685,10,675
"Westport CDP, New York: Summary level: 160, state:36> place:80764",209,163,46
"West Sand Lake CDP, New York: Summary level: 160, state:36> place:80863",997,906,91
"West Sayville CDP, New York: Summary level: 160, state:36> place:80885",1637,1378,259
"West Seneca CDP, New York: Summary level: 160, state:36> place:80907",18726,14489,4237
"Westvale CDP, New York: Summary level: 160, state:36> place:81127",2036,1966,70
"West Valley CDP, New York: Summary level: 160, state:36> place:81138",200,126,74
"West Winfield village, New York: Summary level: 160, state:36> place:81292",317,222,95
"Wheatley Heights CDP, New York: Summary level: 160, state:36> place:81419",1461,1164,297
"Whitehall village, New York: Summary level: 160, state:36> place:81622",1227,619,608
"White Plains city, New York: Summary level: 160, state:36> place:81677",22085,11791,10294
"Whitesboro village, New York: Summary level: 160, state:36> place:81710",1703,982,721
"Whitney Point village, New York: Summary level: 160, state:36> place:81831",347,219,128
"Williamson CDP, New York: Summary level: 160, state:36> place:82029",967,735,232
"Williamsville village, New York: Summary level: 160, state:36> place:82084",2570,1609,961
"Williston Park village, New York: Summary level: 160, state:36> place:82117",2580,2047,533
"Willsboro CDP, New York: Summary level: 160, state:36> place:82260",314,249,65
"Wilmington CDP, New York: Summary level: 160, state:36> place:82304",392,256,136
"Wilson village, New York: Summary level: 160, state:36> place:82359",517,356,161
"Windham CDP, New York: Summary level: 160, state:36> place:82469",206,139,67
"Windsor village, New York: Summary level: 160, state:36> place:82524",358,227,131
"Winthrop CDP, New York: Summary level: 160, state:36> place:82612",158,142,16
"Witherbee CDP, New York: Summary level: 160, state:36> place:82656",162,75,87
"Wolcott village, New York: Summary level: 160, state:36> place:82678",634,365,269
"Woodbury CDP, New York: Summary level: 160, state:36> place:82744",3072,2673,399
"Woodbury village, New York: Summary level: 160, state:36> place:82750",3453,3040,413
"Woodmere CDP, New York: Summary level: 160, state:36> place:82942",5077,4603,474
"Woodridge village, New York: Summary level: 160, state:36> place:82953",369,149,220
"Woodsburgh village, New York: Summary level: 160, state:36> place:82986",259,247,12
"Woodstock CDP, New York: Summary level: 160, state:36> place:83041",1192,927,265
"Woodsville CDP, New York: Summary level: 160, state:36> place:83063",21,13,8
"Worcester CDP, New York: Summary level: 160, state:36> place:83118",552,451,101
"Wurtsboro village, New York: Summary level: 160, state:36> place:83272",467,276,191
"Wyandanch CDP, New York: Summary level: 160, state:36> place:83294",2992,1850,1142
"Wynantskill CDP, New York: Summary level: 160, state:36> place:83349",1227,1125,102
"Wyoming village, New York: Summary level: 160, state:36> place:83371",147,115,32
"Yaphank CDP, New York: Summary level: 160, state:36> place:83426",1688,1538,150
"Yonkers city, New York: Summary level: 160, state:36> place:84000",72855,34523,38332
"York Hamlet CDP, New York: Summary level: 160, state:36> place:84035",280,209,71
"Yorkshire CDP, New York: Summary level: 160, state:36> place:84044",552,385,167
"Yorktown Heights CDP, New York: Summary level: 160, state:36> place:84088",677,521,156
"Yorkville village, New York: Summary level: 160, state:36> place:84099",1111,759,352
"Youngstown village, New York: Summary level: 160, state:36> place:84143",824,655,169
"Zena CDP, New York: Summary level: 160, state:36> place:84187",399,380,19
"Ovid village, New York: Summary level: 160, state:36> place:55816",224,165,59
"Owego village, New York: Summary level: 160, state:36> place:55882",1696,955,741
"Oxbow CDP, New York: Summary level: 160, state:36> place:55937",44,41,3
"Oxford village, New York: Summary level: 160, state:36> place:55948",558,446,112
"Oyster Bay CDP, New York: Summary level: 160, state:36> place:55992",2683,1542,1141
"Oyster Bay Cove village, New York: Summary level: 160, state:36> place:56011",684,644,40
"Painted Post village, New York: Summary level: 160, state:36> place:56088",788,490,298
"Palatine Bridge village, New York: Summary level: 160, state:36> place:56110",326,208,118
"Palenville CDP, New York: Summary level: 160, state:36> place:56132",418,303,115
"Palmyra village, New York: Summary level: 160, state:36> place:56187",1502,760,742
"Pamelia Center CDP, New York: Summary level: 160, state:36> place:56212",76,53,23
"Panama village, New York: Summary level: 160, state:36> place:56231",203,152,51
"Parc CDP, New York: Summary level: 160, state:36> place:56291",4,4,0
"Parish village, New York: Summary level: 160, state:36> place:56341",185,132,53
"Parishville CDP, New York: Summary level: 160, state:36> place:56363",396,312,84
"Patchogue village, New York: Summary level: 160, state:36> place:56660",4633,2543,2090
"Paul Smiths CDP, New York: Summary level: 160, state:36> place:56770",0,0,0
"Pavilion CDP, New York: Summary level: 160, state:36> place:56781",179,169,10
"Pawling village, New York: Summary level: 160, state:36> place:56814",899,520,379
"Peach Lake CDP, New York: Summary level: 160, state:36> place:56869",627,538,89
"Pearl River CDP, New York: Summary level: 160, state:36> place:56902",5579,4556,1023
"Peconic CDP, New York: Summary level: 160, state:36> place:56968",199,175,24
"Peekskill city, New York: Summary level: 160, state:36> place:56979",9273,4867,4406
"Pelham village, New York: Summary level: 160, state:36> place:57001",2216,1494,722
"Pelham Manor village, New York: Summary level: 160, state:36> place:57023",1794,1682,112
"Penn Yan village, New York: Summary level: 160, state:36> place:57177",2129,1258,871
"Perry village, New York: Summary level: 160, state:36> place:57243",1377,852,525
"Perrysburg CDP, New York: Summary level: 160, state:36> place:57287",148,97,51
"Peru CDP, New York: Summary level: 160, state:36> place:57364",508,412,96
"Phelps village, New York: Summary level: 160, state:36> place:57518",962,621,341
"Philadelphia village, New York: Summary level: 160, state:36> place:57551",471,187,284
"Philmont village, New York: Summary level: 160, state:36> place:57639",576,322,254
"Phoenicia CDP, New York: Summary level: 160, state:36> place:57650",162,103,59
"Phoenix village, New York: Summary level: 160, state:36> place:57661",1008,467,541
"Piermont village, New York: Summary level: 160, state:36> place:57749",1297,880,417
"Pierrepont Manor CDP, New York: Summary level: 160, state:36> place:57782",77,46,31
"Piffard CDP, New York: Summary level: 160, state:36> place:57804",81,53,28
"Pike CDP, New York: Summary level: 160, state:36> place:57815",129,92,37
"Pine Bush CDP, New York: Summary level: 160, state:36> place:57980",749,421,328
"Pine Hill CDP, New York: Summary level: 160, state:36> place:58057",114,64,50
"Pine Plains CDP, New York: Summary level: 160, state:36> place:58145",551,383,168
"Pine Valley CDP, New York: Summary level: 160, state:36> place:58189",403,272,131
"Pittsford village, New York: Summary level: 160, state:36> place:58354",630,459,171
"Plainedge CDP, New York: Summary level: 160, state:36> place:58409",2814,2584,230
"Plainview CDP, New York: Summary level: 160, state:36> place:58442",8959,8372,587
"Plandome village, New York: Summary level: 160, state:36> place:58475",408,370,38
"Plandome Heights village, New York: Summary level: 160, state:36> place:58486",318,309,9
"Plandome Manor village, New York: Summary level: 160, state:36> place:58497",291,267,24
"Plattekill CDP, New York: Summary level: 160, state:36> place:58541",497,258,239
"Plattsburgh city, New York: Summary level: 160, state:36> place:58574",8018,3179,4839
"Plattsburgh West CDP, New York: Summary level: 160, state:36> place:58601",622,412,210
"Pleasant Valley CDP, New York: Summary level: 160, state:36> place:58684",412,144,268
"Pleasantville village, New York: Summary level: 160, state:36> place:58728",2648,1900,748
"Plessis CDP, New York: Summary level: 160, state:36> place:58739",32,32,0
"Poestenkill CDP, New York: Summary level: 160, state:36> place:58794",396,352,44
"Point Lookout CDP, New York: Summary level: 160, state:36> place:58849",545,368,177
"Poland village, New York: Summary level: 160, state:36> place:58937",154,122,32
"Pomona village, New York: Summary level: 160, state:36> place:58992",990,940,50
"Poquott village, New York: Summary level: 160, state:36> place:59157",354,303,51
"Port Byron village, New York: Summary level: 160, state:36> place:59212",491,339,152
"Port Chester village, New York: Summary level: 160, state:36> place:59223",9704,4125,5579
"Port Dickinson village, New York: Summary level: 160, state:36> place:59245",634,409,225
"Port Ewen CDP, New York: Summary level: 160, state:36> place:59311",1564,1166,398
"Port Gibson CDP, New York: Summary level: 160, state:36> place:59322",187,177,10
"Port Henry village, New York: Summary level: 160, state:36> place:59333",450,316,134
"Port Jefferson village, New York: Summary level: 160, state:36> place:59355",3038,2366,672
"Port Jefferson Station CDP, New York: Summary level: 160, state:36> place:59377",2847,2060,787
"Port Jervis city, New York: Summary level: 160, state:36> place:59388",3501,1676,1825
"Port Leyden village, New York: Summary level: 160, state:36> place:59454",265,174,91
"Portville village, New York: Summary level: 160, state:36> place:59498",430,303,127
"Port Washington CDP, New York: Summary level: 160, state:36> place:59520",5748,4201,1547
"Port Washington North village, New York: Summary level: 160, state:36> place:59531",1352,960,392
"Potsdam village, New York: Summary level: 160, state:36> place:59564",2243,655,1588
"Pottersville CDP, New York: Summary level: 160, state:36> place:59619",90,31,59
"Poughkeepsie city, New York: Summary level: 160, state:36> place:59641",12539,4801,7738
"Prattsburgh CDP, New York: Summary level: 160, state:36> place:59708",311,189,122
"Prattsville CDP, New York: Summary level: 160, state:36> place:59740",95,68,27
"Preston-Potter Hollow CDP, New York: Summary level: 160, state:36> place:59831",153,137,16
"Prospect village, New York: Summary level: 160, state:36> place:59883",89,74,15
"Pulaski village, New York: Summary level: 160, state:36> place:59960",974,448,526
"Pultneyville CDP, New York: Summary level: 160, state:36> place:59993",283,283,0
"Putnam Lake CDP, New York: Summary level: 160, state:36> place:60103",1481,1263,218
"Quiogue CDP, New York: Summary level: 160, state:36> place:60408",246,225,21
"Quogue village, New York: Summary level: 160, state:36> place:60422",359,312,47
"Ransomville CDP, New York: Summary level: 160, state:36> place:60598",597,492,105
"Rapids CDP, New York: Summary level: 160, state:36> place:60609",527,493,34
"Ravena village, New York: Summary level: 160, state:36> place:60675",1372,878,494
"Randolph CDP, New York: Summary level: 160, state:36> place:60756",534,328,206
"Red Creek village, New York: Summary level: 160, state:36> place:60829",216,157,59
"Redford CDP, New York: Summary level: 160, state:36> place:60884",143,143,0
"Red Hook village, New York: Summary level: 160, state:36> place:60895",904,478,426
"Red Oaks Mill CDP, New York: Summary level: 160, state:36> place:60983",1322,1184,138
"Redwood CDP, New York: Summary level: 160, state:36> place:61016",170,81,89
"Remsen village, New York: Summary level: 160, state:36> place:61115",215,124,91
"Remsenburg-Speonk CDP, New York: Summary level: 160, state:36> place:61142",876,723,153
"Rensselaer city, New York: Summary level: 160, state:36> place:61148",4349,1991,2358
"Rensselaer Falls village, New York: Summary level: 160, state:36> place:61159",142,114,28
"Retsof CDP, New York: Summary level: 160, state:36> place:61236",53,44,9
"Rhinebeck village, New York: Summary level: 160, state:36> place:61346",1146,713,433
"Rhinecliff CDP, New York: Summary level: 160, state:36> place:61368",266,211,55
"Richburg village, New York: Summary level: 160, state:36> place:61434",252,180,72
"Richfield Springs village, New York: Summary level: 160, state:36> place:61489",518,337,181
"Richmondville village, New York: Summary level: 160, state:36> place:61588",360,208,152
"Richville village, New York: Summary level: 160, state:36> place:61621",131,102,29
"Ridge CDP, New York: Summary level: 160, state:36> place:61665",5411,4726,685
"Rifton CDP, New York: Summary level: 160, state:36> place:61797",288,215,73
"Ripley CDP, New York: Summary level: 160, state:36> place:61874",343,234,109
"Riverhead CDP, New York: Summary level: 160, state:36> place:61973",4925,2924,2001
"Riverside village, New York: Summary level: 160, state:36> place:62061",217,192,25
"Riverside CDP, New York: Summary level: 160, state:36> place:62066",803,558,245
"Rochester city, New York: Summary level: 160, state:36> place:63000",86418,34002,52416
"Rock Hill CDP, New York: Summary level: 160, state:36> place:63132",601,482,119
"Rockville Centre village, New York: Summary level: 160, state:36> place:63264",9148,6557,2591
"Rocky Point CDP, New York: Summary level: 160, state:36> place:63319",4722,4135,587
"Rodman CDP, New York: Summary level: 160, state:36> place:63330",49,39,10
"Rome city, New York: Summary level: 160, state:36> place:63418",13482,7664,5818
"Romulus CDP, New York: Summary level: 160, state:36> place:63429",205,163,42
"Ronkonkoma CDP, New York: Summary level: 160, state:36> place:63473",6399,5207,1192
"Roosevelt CDP, New York: Summary level: 160, state:36> place:63506",4193,2847,1346
"Roscoe CDP, New York: Summary level: 160, state:36> place:63583",298,230,68
"Rosendale Hamlet CDP, New York: Summary level: 160, state:36> place:63742",656,386,270
"Roslyn village, New York: Summary level: 160, state:36> place:63770",1157,744,413
"Roslyn Estates village, New York: Summary level: 160, state:36> place:63792",383,371,12
"Roslyn Harbor village, New York: Summary level: 160, state:36> place:63803",389,362,27
"Roslyn Heights CDP, New York: Summary level: 160, state:36> place:63814",2121,1758,363
"Rotterdam CDP, New York: Summary level: 160, state:36> place:63924",7909,6494,1415
"Round Lake village, New York: Summary level: 160, state:36> place:63957",231,179,52
"Rouses Point village, New York: Summary level: 160, state:36> place:63979",1050,562,488
"Rushford CDP, New York: Summary level: 160, state:36> place:64155",142,108,34
"Rushville village, New York: Summary level: 160, state:36> place:64199",240,161,79
"Russell Gardens village, New York: Summary level: 160, state:36> place:64232",318,225,93
"Rye city, New York: Summary level: 160, state:36> place:64309",5524,3975,1549
"Rye Brook village, New York: Summary level: 160, state:36> place:64325",3444,2847,597
"Sackets Harbor village, New York: Summary level: 160, state:36> place:64408",699,300,399
"Saddle Rock village, New York: Summary level: 160, state:36> place:64430",311,253,58
"Saddle Rock Estates CDP, New York: Summary level: 160, state:36> place:64441",133,133,0
"Sagaponack village, New York: Summary level: 160, state:36> place:64452",116,104,12
"Sag Harbor village, New York: Summary level: 160, state:36> place:64485",863,676,187
"St. Bonaventure CDP, New York: Summary level: 160, state:36> place:64551",210,163,47
"St. James CDP, New York: Summary level: 160, state:36> place:64584",4457,4028,429
"St. Johnsville village, New York: Summary level: 160, state:36> place:64639",564,310,254
"St. Regis Falls CDP, New York: Summary level: 160, state:36> place:64716",195,140,55
"Salamanca city, New York: Summary level: 160, state:36> place:64749",2478,1328,1150
"Salem village, New York: Summary level: 160, state:36> place:64771",355,252,103
"Salisbury CDP, New York: Summary level: 160, state:36> place:64842",3902,3551,351
"Salisbury Mills CDP, New York: Summary level: 160, state:36> place:64859",93,75,18
"Saltaire village, New York: Summary level: 160, state:36> place:64881",29,25,4
"Salt Point CDP, New York: Summary level: 160, state:36> place:64892",114,114,0
"Sanborn CDP, New York: Summary level: 160, state:36> place:64958",522,448,74
"Sand Ridge CDP, New York: Summary level: 160, state:36> place:65024",432,377,55
"Sands Point village, New York: Summary level: 160, state:36> place:65035",893,848,45
"Sandy Creek village, New York: Summary level: 160, state:36> place:65068",288,196,92
"Saranac Lake village, New York: Summary level: 160, state:36> place:65233",2831,1375,1456
"Saratoga Springs city, New York: Summary level: 160, state:36> place:65255",11533,6429,5104
"Saugerties village, New York: Summary level: 160, state:36> place:65288",1749,821,928
"Saugerties South CDP, New York: Summary level: 160, state:36> place:65310",887,740,147
"Savannah CDP, New York: Summary level: 160, state:36> place:65332",193,151,42
"Savona village, New York: Summary level: 160, state:36> place:65354",258,184,74
"Sayville CDP, New York: Summary level: 160, state:36> place:65409",5735,4603,1132
"Scarsdale village, New York: Summary level: 160, state:36> place:65431",5402,4774,628
"Schaghticoke village, New York: Summary level: 160, state:36> place:65475",220,137,83
"Schenectady city, New York: Summary level: 160, state:36> place:65508",24762,12089,12673
"Schenevus CDP, New York: Summary level: 160, state:36> place:65519",144,91,53
"Schoharie village, New York: Summary level: 160, state:36> place:65585",446,241,205
"Schroon Lake CDP, New York: Summary level: 160, state:36> place:65640",361,266,95
"Schuylerville village, New York: Summary level: 160, state:36> place:65750",673,402,271
"Scio CDP, New York: Summary level: 160, state:36> place:65761",213,175,38
"Scotchtown CDP, New York: Summary level: 160, state:36> place:65882",3318,1965,1353
"Scotia village, New York: Summary level: 160, state:36> place:65893",2908,2024,884
"Scottsburg CDP, New York: Summary level: 160, state:36> place:65926",52,49,3
"Scotts Corners CDP, New York: Summary level: 160, state:36> place:65948",230,173,57
"Scottsville village, New York: Summary level: 160, state:36> place:65959",920,648,272
"Sea Cliff village, New York: Summary level: 160, state:36> place:66047",1966,1479,487
"Seaford CDP, New York: Summary level: 160, state:36> place:66058",5210,4677,533
"Searingtown CDP, New York: Summary level: 160, state:36> place:66102",1436,1416,20
"Selden CDP, New York: Summary level: 160, state:36> place:66212",6426,5187,1239
"Seneca Falls CDP, New York: Summary level: 160, state:36> place:66322",2894,1888,1006
"Seneca Knolls CDP, New York: Summary level: 160, state:36> place:66366",862,789,73
"Setauket-East Setauket CDP, New York: Summary level: 160, state:36> place:66481",5184,4811,373
"Sharon Springs village, New York: Summary level: 160, state:36> place:66663",209,106,103
"Shelter Island CDP, New York: Summary level: 160, state:36> place:66828",466,335,131
"Shelter Island Heights CDP, New York: Summary level: 160, state:36> place:66850",526,493,33
"Shenorock CDP, New York: Summary level: 160, state:36> place:66872",661,641,20
"Sherburne village, New York: Summary level: 160, state:36> place:66883",583,313,270
"Sherman village, New York: Summary level: 160, state:36> place:66949",258,200,58
"Sherrill city, New York: Summary level: 160, state:36> place:66993",1336,1000,336
"Shinnecock Hills CDP, New York: Summary level: 160, state:36> place:67048",741,404,337
"Shirley CDP, New York: Summary level: 160, state:36> place:67070",7672,6580,1092
"Shokan CDP, New York: Summary level: 160, state:36> place:67081",495,418,77
"Shoreham village, New York: Summary level: 160, state:36> place:67191",187,182,5
"Shortsville village, New York: Summary level: 160, state:36> place:67257",557,431,126
"Shrub Oak CDP, New York: Summary level: 160, state:36> place:67279",874,675,199
"Sidney village, New York: Summary level: 160, state:36> place:67334",1811,1040,771
"Silver Creek village, New York: Summary level: 160, state:36> place:67411",1082,829,253
"Silver Springs village, New York: Summary level: 160, state:36> place:67466",317,240,77
"Sinclairville village, New York: Summary level: 160, state:36> place:67488",213,154,59
"Skaneateles village, New York: Summary level: 160, state:36> place:67510",1175,800,375
"Sleepy Hollow village, New York: Summary level: 160, state:36> place:67638",3460,1319,2141
"Sloan village, New York: Summary level: 160, state:36> place:67686",1612,1147,465
"Sloatsburg village, New York: Summary level: 160, state:36> place:67708",1041,792,249
"Smallwood CDP, New York: Summary level: 160, state:36> place:67730",166,138,28
"Smithtown CDP, New York: Summary level: 160, state:36> place:67851",8518,7566,952
"Smithville Flats CDP, New York: Summary level: 160, state:36> place:68088",187,141,46
"Smyrna village, New York: Summary level: 160, state:36> place:68099",64,49,15
"Sodus village, New York: Summary level: 160, state:36> place:68209",889,547,342
"Sodus Point village, New York: Summary level: 160, state:36> place:68242",422,345,77
"Solvay village, New York: Summary level: 160, state:36> place:68286",2881,1485,1396
"Sound Beach CDP, New York: Summary level: 160, state:36> place:68374",2564,2199,365
"Southampton village, New York: Summary level: 160, state:36> place:68462",1292,978,314
"South Blooming Grove village, New York: Summary level: 160, state:36> place:68610",1145,975,170
"South Corning village, New York: Summary level: 160, state:36> place:68847",461,383,78
"South Dayton village, New York: Summary level: 160, state:36> place:68891",305,206,99
"South Fallsburg CDP, New York: Summary level: 160, state:36> place:68968",802,265,537
"South Farmingdale CDP, New York: Summary level: 160, state:36> place:69001",4808,4497,311
"South Floral Park village, New York: Summary level: 160, state:36> place:69023",603,444,159
"South Glens Falls village, New York: Summary level: 160, state:36> place:69078",1664,831,833
"South Hempstead CDP, New York: Summary level: 160, state:36> place:69188",1001,832,169
"South Hill CDP, New York: Summary level: 160, state:36> place:69199",998,750,248
"South Huntington CDP, New York: Summary level: 160, state:36> place:69254",3329,2817,512
"South Lima CDP, New York: Summary level: 160, state:36> place:69364",88,57,31
"South Lockport CDP, New York: Summary level: 160, state:36> place:69386",3673,2319,1354
"South Nyack village, New York: Summary level: 160, state:36> place:69441",1231,702,529
"Southold CDP, New York: Summary level: 160, state:36> place:69452",2559,2257,302
"Southport CDP, New York: Summary level: 160, state:36> place:69606",3152,2240,912
"South Valley Stream CDP, New York: Summary level: 160, state:36> place:69892",1952,1535,417
"Spackenkill CDP, New York: Summary level: 160, state:36> place:70035",1356,1272,84
"Sparkill CDP, New York: Summary level: 160, state:36> place:70068",475,408,67
"Speculator village, New York: Summary level: 160, state:36> place:70123",101,80,21
"Spencer village, New York: Summary level: 160, state:36> place:70167",383,257,126
"Spencerport village, New York: Summary level: 160, state:36> place:70189",1442,944,498
"Springs CDP, New York: Summary level: 160, state:36> place:70387",2373,1952,421
"Spring Valley village, New York: Summary level: 160, state:36> place:70420",8545,2319,6226
"Springville village, New York: Summary level: 160, state:36> place:70442",1792,1118,674
"Springwater Hamlet CDP, New York: Summary level: 160, state:36> place:70477",181,147,34
"Staatsburg CDP, New York: Summary level: 160, state:36> place:70552",136,136,0
"Stamford village, New York: Summary level: 160, state:36> place:70618",580,320,260
"Stannards CDP, New York: Summary level: 160, state:36> place:70717",465,267,198
"Star Lake CDP, New York: Summary level: 160, state:36> place:70849",318,258,60
"Stewart Manor village, New York: Summary level: 160, state:36> place:71267",808,682,126
"Stillwater village, New York: Summary level: 160, state:36> place:71322",668,471,197
"Stone Ridge CDP, New York: Summary level: 160, state:36> place:71597",452,389,63
"Stony Brook CDP, New York: Summary level: 160, state:36> place:71608",4803,4413,390
"Stony Brook University CDP, New York: Summary level: 160, state:36> place:71620",39,39,0
"Stony Point CDP, New York: Summary level: 160, state:36> place:71663",4112,3506,606
"Stottville CDP, New York: Summary level: 160, state:36> place:71718",613,421,192
"Strykersville CDP, New York: Summary level: 160, state:36> place:71817",222,163,59
"Suffern village, New York: Summary level: 160, state:36> place:71894",4507,3217,1290
"Sunset Bay CDP, New York: Summary level: 160, state:36> place:72246",258,203,55
"SUNY Oswego CDP, New York: Summary level: 160, state:36> place:72327",11,0,11
"Sylvan Beach village, New York: Summary level: 160, state:36> place:72521",442,337,105
"Syosset CDP, New York: Summary level: 160, state:36> place:72554",6171,5690,481
"Syracuse city, New York: Summary level: 160, state:36> place:73000",55429,21816,33613
"Tannersville village, New York: Summary level: 160, state:36> place:73143",228,121,107
"Tappan CDP, New York: Summary level: 160, state:36> place:73154",2295,2229,66
"Tarrytown village, New York: Summary level: 160, state:36> place:73176",4476,2742,1734
"Terryville CDP, New York: Summary level: 160, state:36> place:73352",3723,2713,1010
"Thendara CDP, New York: Summary level: 160, state:36> place:73459",68,68,0
