,Total,Owner occupied,Renter occupied
"Malverne village, New York: Summary level: 160, state:36> place:44787",3108,3007,101
"Plandome village, New York: Summary level: 160, state:36> place:58475",395,392,3
"New Square village, New York: Summary level: 160, state:36> place:50705",1431,201,1230
"South Nyack village, New York: Summary level: 160, state:36> place:69441",1163,714,449
"Viola CDP, New York: Summary level: 160, state:36> place:77574",1729,891,838
"Gouverneur village, New York: Summary level: 160, state:36> place:29597",1721,864,857
"Rensselaer Falls village, New York: Summary level: 160, state:36> place:61159",127,103,24
"Newark village, New York: Summary level: 160, state:36> place:49891",3816,2105,1711
"Elmira city, New York: Summary level: 160, state:36> place:24229",9931,4497,5434
"Van Etten village, New York: Summary level: 160, state:36> place:76881",209,151,58
"West Elmira CDP, New York: Summary level: 160, state:36> place:79785",2204,1950,254
"Mount Morris village, New York: Summary level: 160, state:36> place:48945",1224,732,492
"Corfu village, New York: Summary level: 160, state:36> place:18201",309,213,96
"Sodus village, New York: Summary level: 160, state:36> place:68209",694,416,278
"Ogdensburg city, New York: Summary level: 160, state:36> place:54485",4029,2531,1498
"Waddington village, New York: Summary level: 160, state:36> place:77728",450,295,155
"Clyde village, New York: Summary level: 160, state:36> place:16573",746,529,217
"Big Flats CDP, New York: Summary level: 160, state:36> place:06464",2179,1801,378
"Geneseo village, New York: Summary level: 160, state:36> place:28618",1922,664,1258
"Miller Place CDP, New York: Summary level: 160, state:36> place:47306",3820,3619,201
"Addison village, New York: Summary level: 160, state:36> place:00276",658,482,176
"Hornell city, New York: Summary level: 160, state:36> place:35672",3358,1742,1616
"Riverside village, New York: Summary level: 160, state:36> place:62061",240,187,53
"Cold Spring village, New York: Summary level: 160, state:36> place:16936",871,554,317
"Lake Carmel CDP, New York: Summary level: 160, state:36> place:40398",3069,2688,381
"Putnam Lake CDP, New York: Summary level: 160, state:36> place:60103",1287,1103,184
"Port Byron village, New York: Summary level: 160, state:36> place:59212",408,260,148
"Au Sable Forks CDP, New York: Summary level: 160, state:36> place:03254",170,113,57
"Cumberland Head CDP, New York: Summary level: 160, state:36> place:19408",688,566,122
"Redford CDP, New York: Summary level: 160, state:36> place:60884",141,78,63
"Bemus Point village, New York: Summary level: 160, state:36> place:05848",183,84,99
"Brocton village, New York: Summary level: 160, state:36> place:08488",649,399,250
"Frewsburg CDP, New York: Summary level: 160, state:36> place:27672",728,666,62
"Ripley CDP, New York: Summary level: 160, state:36> place:61874",339,256,83
"Freeville village, New York: Summary level: 160, state:36> place:27529",194,133,61
"Newfield Hamlet CDP, New York: Summary level: 160, state:36> place:50257",280,177,103
"Trumansburg village, New York: Summary level: 160, state:36> place:75506",849,571,278
"Penn Yan village, New York: Summary level: 160, state:36> place:57177",1985,1024,961
"Lewiston village, New York: Summary level: 160, state:36> place:42147",1378,935,443
"South Lockport CDP, New York: Summary level: 160, state:36> place:69386",3255,2342,913
"Youngstown village, New York: Summary level: 160, state:36> place:84143",802,637,165
"Almond village, New York: Summary level: 160, state:36> place:01440",177,138,39
"Canisteo village, New York: Summary level: 160, state:36> place:12254",893,639,254
"Corning city, New York: Summary level: 160, state:36> place:18256",5069,2589,2480
"Sleepy Hollow village, New York: Summary level: 160, state:36> place:67638",3670,1274,2396
"Bellerose Terrace CDP, New York: Summary level: 160, state:36> place:05661",572,496,76
"Cove Neck village, New York: Summary level: 160, state:36> place:18597",101,78,23
"Baldwinsville village, New York: Summary level: 160, state:36> place:04198",3210,1871,1339
"Galeville CDP, New York: Summary level: 160, state:36> place:28035",1952,1365,587
"Valatie village, New York: Summary level: 160, state:36> place:76617",559,377,182
"Ghent CDP, New York: Summary level: 160, state:36> place:28860",164,151,13
"Kinderhook village, New York: Summary level: 160, state:36> place:39562",656,557,99
"Lorenz Park CDP, New York: Summary level: 160, state:36> place:43511",953,672,281
"Fairport village, New York: Summary level: 160, state:36> place:25076",2477,1800,677
"Hilton village, New York: Summary level: 160, state:36> place:34847",2295,1482,813
"Pittsford village, New York: Summary level: 160, state:36> place:58354",729,517,212
"Plainedge CDP, New York: Summary level: 160, state:36> place:58409",2972,2651,321
"Rockville Centre village, New York: Summary level: 160, state:36> place:63264",9458,6598,2860
"Remsen village, New York: Summary level: 160, state:36> place:61115",167,97,70
"Sherrill city, New York: Summary level: 160, state:36> place:66993",1271,966,305
"Sylvan Beach village, New York: Summary level: 160, state:36> place:72521",346,249,97
"Yorkville village, New York: Summary level: 160, state:36> place:84099",1080,692,388
"Camillus village, New York: Summary level: 160, state:36> place:11902",563,299,264
"Fabius village, New York: Summary level: 160, state:36> place:24867",135,103,32
"Cape Vincent village, New York: Summary level: 160, state:36> place:12353",289,201,88
"West Bay Shore CDP, New York: Summary level: 160, state:36> place:79301",1632,1580,52
"Portville village, New York: Summary level: 160, state:36> place:59498",424,216,208
"Alexandria Bay village, New York: Summary level: 160, state:36> place:01187",456,253,203
"Calcium CDP, New York: Summary level: 160, state:36> place:11671",1591,257,1334
"Glen Park village, New York: Summary level: 160, state:36> place:29322",199,150,49
"Great Bend CDP, New York: Summary level: 160, state:36> place:30136",374,294,80
"Gilbertsville village, New York: Summary level: 160, state:36> place:28959",168,109,59
"Oneonta city, New York: Summary level: 160, state:36> place:54881",4322,1971,2351
"West End CDP, New York: Summary level: 160, state:36> place:79796",961,720,241
"Country Knolls CDP, New York: Summary level: 160, state:36> place:18542",775,764,11
"Galway village, New York: Summary level: 160, state:36> place:28101",80,57,23
"East Kingston CDP, New York: Summary level: 160, state:36> place:22370",230,130,100
"Kerhonkson CDP, New York: Summary level: 160, state:36> place:39397",720,448,272
"North Sea CDP, New York: Summary level: 160, state:36> place:53561",1887,1514,373
"Noyack CDP, New York: Summary level: 160, state:36> place:54056",1524,1270,254
"Patchogue village, New York: Summary level: 160, state:36> place:56660",5250,2691,2559
"Peconic CDP, New York: Summary level: 160, state:36> place:56968",384,331,53
"Southold CDP, New York: Summary level: 160, state:36> place:69452",2493,2090,403
"Oyster Bay Cove village, New York: Summary level: 160, state:36> place:56011",738,708,30
"Port Washington CDP, New York: Summary level: 160, state:36> place:59520",5713,4128,1585
"Roosevelt CDP, New York: Summary level: 160, state:36> place:63506",4292,3127,1165
"Russell Gardens village, New York: Summary level: 160, state:36> place:64232",324,263,61
"Uniondale CDP, New York: Summary level: 160, state:36> place:76089",7964,5582,2382
"University Gardens CDP, New York: Summary level: 160, state:36> place:76287",1615,1236,379
"West Hempstead CDP, New York: Summary level: 160, state:36> place:80225",5782,5035,747
"Silver Springs village, New York: Summary level: 160, state:36> place:67466",384,239,145
"Cherry Creek village, New York: Summary level: 160, state:36> place:15187",177,137,40
"Fredonia village, New York: Summary level: 160, state:36> place:27419",3627,2331,1296
"Constableville village, New York: Summary level: 160, state:36> place:17882",108,98,10
"Copenhagen village, New York: Summary level: 160, state:36> place:18135",357,182,175
"Lyons Falls village, New York: Summary level: 160, state:36> place:44006",232,167,65
"Middleburgh village, New York: Summary level: 160, state:36> place:46866",704,453,251
"Richmondville village, New York: Summary level: 160, state:36> place:61588",334,184,150
"Ithaca city, New York: Summary level: 160, state:36> place:38077",10239,2703,7536
"Fort Plain village, New York: Summary level: 160, state:36> place:26924",718,403,315
"Palatine Bridge village, New York: Summary level: 160, state:36> place:56110",275,154,121
"Beaver Dam Lake CDP, New York: Summary level: 160, state:36> place:05188",615,557,58
"Limestone CDP, New York: Summary level: 160, state:36> place:42378",177,119,58
"Lake Luzerne CDP, New York: Summary level: 160, state:36> place:40651",406,293,113
"Niskayuna CDP, New York: Summary level: 160, state:36> place:51262",1656,1416,240
"West Valley CDP, New York: Summary level: 160, state:36> place:81138",193,164,29
"Williamson CDP, New York: Summary level: 160, state:36> place:82029",1043,607,436
"Willsboro CDP, New York: Summary level: 160, state:36> place:82260",345,243,102
"Wilmington CDP, New York: Summary level: 160, state:36> place:82304",350,285,65
"Winthrop CDP, New York: Summary level: 160, state:36> place:82612",66,31,35
"Witherbee CDP, New York: Summary level: 160, state:36> place:82656",129,108,21
"Woodsville CDP, New York: Summary level: 160, state:36> place:83063",36,31,5
"Hall CDP, New York: Summary level: 160, state:36> place:31533",65,65,0
"Hamlin CDP, New York: Summary level: 160, state:36> place:31786",2030,1777,253
"Hannawa Falls CDP, New York: Summary level: 160, state:36> place:32006",370,295,75
"Hartwick CDP, New York: Summary level: 160, state:36> place:32578",250,191,59
"Hemlock CDP, New York: Summary level: 160, state:36> place:33128",194,163,31
"Henderson CDP, New York: Summary level: 160, state:36> place:34044",68,41,27
"Honeoye CDP, New York: Summary level: 160, state:36> place:35353",302,125,177
"Hortonville CDP, New York: Summary level: 160, state:36> place:35738",103,55,48
"Hunt CDP, New York: Summary level: 160, state:36> place:36156",48,48,0
"Hyde Park CDP, New York: Summary level: 160, state:36> place:37198",802,583,219
"Katonah CDP, New York: Summary level: 160, state:36> place:38946",650,546,104
"Kennedy CDP, New York: Summary level: 160, state:36> place:39243",172,130,42
"Keuka Park CDP, New York: Summary level: 160, state:36> place:39463",87,47,40
"Kysorville CDP, New York: Summary level: 160, state:36> place:40175",67,67,0
"Lakeville CDP, New York: Summary level: 160, state:36> place:41036",335,194,141
"Lime Lake CDP, New York: Summary level: 160, state:36> place:42345",303,228,75
"Linwood CDP, New York: Summary level: 160, state:36> place:42609",36,26,10
"Livonia Center CDP, New York: Summary level: 160, state:36> place:42972",141,141,0
"Long Lake CDP, New York: Summary level: 160, state:36> place:43401",120,112,8
"Lorraine CDP, New York: Summary level: 160, state:36> place:43533",40,37,3
"Machias CDP, New York: Summary level: 160, state:36> place:44226",166,113,53
"Madrid CDP, New York: Summary level: 160, state:36> place:44479",248,151,97
"Malden-on-Hudson CDP, New York: Summary level: 160, state:36> place:44677",142,90,52
"Marion CDP, New York: Summary level: 160, state:36> place:45634",661,398,263
"Sherburne village, New York: Summary level: 160, state:36> place:66883",680,337,343
"Farnham village, New York: Summary level: 160, state:36> place:25428",170,136,34
"Sherman village, New York: Summary level: 160, state:36> place:66949",300,202,98
"Sharon Springs village, New York: Summary level: 160, state:36> place:66663",213,121,92
"Greenvale CDP, New York: Summary level: 160, state:36> place:30598",469,308,161
"Island Park village, New York: Summary level: 160, state:36> place:37847",1610,1016,594
"Saddle Rock village, New York: Summary level: 160, state:36> place:64430",236,219,17
"Cortland West CDP, New York: Summary level: 160, state:36> place:18443",530,530,0
"Angelica village, New York: Summary level: 160, state:36> place:02176",324,251,73
"East Meadow CDP, New York: Summary level: 160, state:36> place:22502",12217,10741,1476
"Massapequa CDP, New York: Summary level: 160, state:36> place:45986",7191,6809,382
"Celoron village, New York: Summary level: 160, state:36> place:13288",454,281,173
"Prospect CDP, New York: Summary level: 160, state:36> place:59883",120,113,7
"Altmar CDP, New York: Summary level: 160, state:36> place:01550",150,98,52
"Forestville CDP, New York: Summary level: 160, state:36> place:26649",297,233,64
"Merritt Park CDP, New York: Summary level: 160, state:36> place:46750",603,491,112
"Mineville CDP, New York: Summary level: 160, state:36> place:47702",456,374,82
"Montrose CDP, New York: Summary level: 160, state:36> place:48208",1201,863,338
"Mountain Lodge Park CDP, New York: Summary level: 160, state:36> place:48750",674,514,160
"North Creek CDP, New York: Summary level: 160, state:36> place:51847",237,147,90
"North Gates CDP, New York: Summary level: 160, state:36> place:52040",4299,2617,1682
"North Rose CDP, New York: Summary level: 160, state:36> place:53462",220,166,54
"Oak Beach-Captree CDP, New York: Summary level: 160, state:36> place:54112",31,31,0
"Old Forge CDP, New York: Summary level: 160, state:36> place:54639",234,186,48
"Ontario CDP, New York: Summary level: 160, state:36> place:55002",971,616,355
"Oxbow CDP, New York: Summary level: 160, state:36> place:55937",34,32,2
"Pamelia Center CDP, New York: Summary level: 160, state:36> place:56212",186,152,34
"Parishville CDP, New York: Summary level: 160, state:36> place:56363",281,174,107
"Paul Smiths CDP, New York: Summary level: 160, state:36> place:56770",0,0,0
"Pavilion CDP, New York: Summary level: 160, state:36> place:56781",217,154,63
"Cherry Valley village, New York: Summary level: 160, state:36> place:15242",226,150,76
"Milford village, New York: Summary level: 160, state:36> place:47229",180,105,75
"Richfield Springs village, New York: Summary level: 160, state:36> place:61489",492,265,227
"North Hornell village, New York: Summary level: 160, state:36> place:53055",310,280,30
"Carmel Hamlet CDP, New York: Summary level: 160, state:36> place:12532",2433,1836,597
"Mamaroneck village, New York: Summary level: 160, state:36> place:44831",7027,4001,3026
"Mount Vernon city, New York: Summary level: 160, state:36> place:49121",25248,9642,15606
"Peekskill city, New York: Summary level: 160, state:36> place:56979",9628,4567,5061
"Rye city, New York: Summary level: 160, state:36> place:64309",5573,4194,1379
"Scotts Corners CDP, New York: Summary level: 160, state:36> place:65948",296,231,65
"Tarrytown village, New York: Summary level: 160, state:36> place:73176",4413,2709,1704
"Johnstown city, New York: Summary level: 160, state:36> place:38781",3447,2075,1372
"Central Square village, New York: Summary level: 160, state:36> place:13585",890,488,402
"Narrowsburg CDP, New York: Summary level: 160, state:36> place:49473",173,124,49
"Roscoe CDP, New York: Summary level: 160, state:36> place:63583",249,211,38
"Gardnertown CDP, New York: Summary level: 160, state:36> place:28310",1697,1410,287
"Otisville village, New York: Summary level: 160, state:36> place:55673",403,323,80
"Port Jervis city, New York: Summary level: 160, state:36> place:59388",3897,1907,1990
"Manorville CDP, New York: Summary level: 160, state:36> place:45139",4926,3983,943
"Huntington Bay village, New York: Summary level: 160, state:36> place:37022",522,487,35
"Islip CDP, New York: Summary level: 160, state:36> place:37869",5934,5158,776
"Islip Terrace CDP, New York: Summary level: 160, state:36> place:38022",1610,1409,201
"Moriches CDP, New York: Summary level: 160, state:36> place:48450",1548,710,838
"Mount Sinai CDP, New York: Summary level: 160, state:36> place:49066",4024,3784,240
"North Great River CDP, New York: Summary level: 160, state:36> place:52078",1327,1017,310
"Port Jefferson Station CDP, New York: Summary level: 160, state:36> place:59377",2702,1991,711
"Remsenburg-Speonk CDP, New York: Summary level: 160, state:36> place:61142",846,713,133
"St. James CDP, New York: Summary level: 160, state:36> place:64584",4687,4289,398
"Shelter Island CDP, New York: Summary level: 160, state:36> place:66828",755,632,123
"Shirley CDP, New York: Summary level: 160, state:36> place:67070",8406,6855,1551
"Shoreham village, New York: Summary level: 160, state:36> place:67191",162,157,5
"Loch Sheldrake CDP, New York: Summary level: 160, state:36> place:43038",336,224,112
"Quiogue CDP, New York: Summary level: 160, state:36> place:60408",340,241,99
"Mastic Beach village, New York: Summary level: 160, state:36> place:46085",4117,2963,1154
"Odessa village, New York: Summary level: 160, state:36> place:54452",225,167,58
"Watkins Glen village, New York: Summary level: 160, state:36> place:78696",835,540,295
"Interlaken village, New York: Summary level: 160, state:36> place:37528",237,192,45
"Belmont village, New York: Summary level: 160, state:36> place:05815",377,246,131
"Holland CDP, New York: Summary level: 160, state:36> place:35111",509,354,155
"Lackawanna city, New York: Summary level: 160, state:36> place:40189",7426,3854,3572
"Orchard Park village, New York: Summary level: 160, state:36> place:55266",1396,987,409
"West Seneca CDP, New York: Summary level: 160, state:36> place:80907",19753,15177,4576
"Burdett village, New York: Summary level: 160, state:36> place:11132",184,159,25
"East Ithaca CDP, New York: Summary level: 160, state:36> place:22326",987,532,455
"Groton village, New York: Summary level: 160, state:36> place:30961",835,537,298
"Lansing village, New York: Summary level: 160, state:36> place:41223",1639,510,1129
"West Hills CDP, New York: Summary level: 160, state:36> place:80258",1852,1761,91
"Ardsley village, New York: Summary level: 160, state:36> place:02506",1638,1344,294
"Croton-on-Hudson village, New York: Summary level: 160, state:36> place:19213",3027,2189,838
"Pelham village, New York: Summary level: 160, state:36> place:57001",2249,1499,750
"Arcade village, New York: Summary level: 160, state:36> place:02407",978,629,349
"Rapids CDP, New York: Summary level: 160, state:36> place:60609",469,422,47
"Mahopac CDP, New York: Summary level: 160, state:36> place:44534",3120,2171,949
"Shenorock CDP, New York: Summary level: 160, state:36> place:66872",754,657,97
"Dundee village, New York: Summary level: 160, state:36> place:21050",697,416,281
"Richburg village, New York: Summary level: 160, state:36> place:61434",163,125,38
"Cassadaga village, New York: Summary level: 160, state:36> place:12749",242,176,66
"Lakewood village, New York: Summary level: 160, state:36> place:41069",1407,881,526
"Westfield village, New York: Summary level: 160, state:36> place:79939",1261,824,437
"Binghamton University CDP, New York: Summary level: 160, state:36> place:06644",8,8,0
"Bedford Hills CDP, New York: Summary level: 160, state:36> place:05342",1268,502,766
"Belfast CDP, New York: Summary level: 160, state:36> place:05562",291,192,99
"Belleville CDP, New York: Summary level: 160, state:36> place:05683",126,98,28
"Melrose Park CDP, New York: Summary level: 160, state:36> place:46503",832,765,67
"Meridian village, New York: Summary level: 160, state:36> place:46646",102,78,24
"Voorheesville village, New York: Summary level: 160, state:36> place:77684",1097,931,166
"Westmere CDP, New York: Summary level: 160, state:36> place:80423",3173,1694,1479
"Angola village, New York: Summary level: 160, state:36> place:02198",844,536,308
"Clarence Center CDP, New York: Summary level: 160, state:36> place:15836",1033,1024,9
"Gowanda village, New York: Summary level: 160, state:36> place:29630",1191,705,486
"North Boston CDP, New York: Summary level: 160, state:36> place:51583",1229,887,342
"Dunkirk city, New York: Summary level: 160, state:36> place:21105",5182,3111,2071
"Panama village, New York: Summary level: 160, state:36> place:56231",180,101,79
"Croghan village, New York: Summary level: 160, state:36> place:19070",267,187,80
"Lowville village, New York: Summary level: 160, state:36> place:43720",1338,807,531
"Montour Falls village, New York: Summary level: 160, state:36> place:48197",682,381,301
"Lodi village, New York: Summary level: 160, state:36> place:43214",153,98,55
"Waterloo village, New York: Summary level: 160, state:36> place:78553",1991,1478,513
"Alfred village, New York: Summary level: 160, state:36> place:01198",382,127,255
"Canaseraga village, New York: Summary level: 160, state:36> place:12177",207,164,43
"Houghton CDP, New York: Summary level: 160, state:36> place:35771",282,172,110
"Hamilton village, New York: Summary level: 160, state:36> place:31709",823,457,366
"East Moriches CDP, New York: Summary level: 160, state:36> place:22546",1838,1521,317
"Farmingville CDP, New York: Summary level: 160, state:36> place:25417",4599,4052,547
"Fishers Island CDP, New York: Summary level: 160, state:36> place:25923",73,49,24
"Fort Salonga CDP, New York: Summary level: 160, state:36> place:26946",3336,3138,198
"Gordon Heights CDP, New York: Summary level: 160, state:36> place:29509",1010,748,262
"Holbrook CDP, New York: Summary level: 160, state:36> place:35056",8854,7090,1764
"Stewart Manor village, New York: Summary level: 160, state:36> place:71267",778,725,53
"Port Leyden village, New York: Summary level: 160, state:36> place:59454",244,151,93
"Point Lookout CDP, New York: Summary level: 160, state:36> place:58849",420,312,108
"Roslyn Estates village, New York: Summary level: 160, state:36> place:63792",409,396,13
"Roslyn Heights CDP, New York: Summary level: 160, state:36> place:63814",2083,1684,399
"Saddle Rock Estates CDP, New York: Summary level: 160, state:36> place:64441",158,158,0
"Syosset CDP, New York: Summary level: 160, state:36> place:72554",6216,5685,531
"Wantagh CDP, New York: Summary level: 160, state:36> place:78146",5845,5490,355
"Boonville village, New York: Summary level: 160, state:36> place:07355",833,503,330
"Camden village, New York: Summary level: 160, state:36> place:11847",1110,552,558
"Utica city, New York: Summary level: 160, state:36> place:76540",23520,11250,12270
"East Syracuse village, New York: Summary level: 160, state:36> place:23052",1348,575,773
"Elbridge village, New York: Summary level: 160, state:36> place:23789",398,315,83
"Akron village, New York: Summary level: 160, state:36> place:00441",1228,644,584
"Billington Heights CDP, New York: Summary level: 160, state:36> place:06574",704,643,61
"Depew village, New York: Summary level: 160, state:36> place:20313",6669,4754,1915
"East Aurora village, New York: Summary level: 160, state:36> place:21589",2576,1741,835
"Eden CDP, New York: Summary level: 160, state:36> place:23404",1280,1096,184
"Naples village, New York: Summary level: 160, state:36> place:49429",438,273,165
"Northwest Ithaca CDP, New York: Summary level: 160, state:36> place:53853",537,277,260
"Woodridge village, New York: Summary level: 160, state:36> place:82953",301,111,190
"Heritage Hills CDP, New York: Summary level: 160, state:36> place:34118",2373,2083,290
"Lyndonville village, New York: Summary level: 160, state:36> place:43918",301,215,86
"Eatons Neck CDP, New York: Summary level: 160, state:36> place:23316",530,517,13
"Batavia city, New York: Summary level: 160, state:36> place:04715",6129,3228,2901
"Hastings-on-Hudson village, New York: Summary level: 160, state:36> place:32710",2860,2195,665
"Blue Point CDP, New York: Summary level: 160, state:36> place:07069",1577,1410,167
"Cobleskill village, New York: Summary level: 160, state:36> place:16628",1468,495,973
"Esperance village, New York: Summary level: 160, state:36> place:24713",148,122,26
"Schoharie village, New York: Summary level: 160, state:36> place:65585",354,199,155
"Bainbridge village, New York: Summary level: 160, state:36> place:04033",613,381,232
"New Berlin village, New York: Summary level: 160, state:36> place:49946",398,276,122
"Friendship CDP, New York: Summary level: 160, state:36> place:27694",477,343,134
"Greene village, New York: Summary level: 160, state:36> place:30411",775,439,336
"Munnsville village, New York: Summary level: 160, state:36> place:49220",168,107,61
"Wampsville village, New York: Summary level: 160, state:36> place:78113",197,179,18
"Brookville village, New York: Summary level: 160, state:36> place:10132",829,775,54
"East Norwich CDP, New York: Summary level: 160, state:36> place:22623",984,928,56
"Franklin Square CDP, New York: Summary level: 160, state:36> place:27309",9580,7973,1607
"Harbor Hills CDP, New York: Summary level: 160, state:36> place:32094",145,145,0
"Hempstead village, New York: Summary level: 160, state:36> place:33139",15703,6871,8832
"Herricks CDP, New York: Summary level: 160, state:36> place:34198",1299,1259,40
"Hewlett CDP, New York: Summary level: 160, state:36> place:34286",2407,1839,568
"Lakeview CDP, New York: Summary level: 160, state:36> place:41003",1490,1336,154
"Manhasset Hills CDP, New York: Summary level: 160, state:36> place:44908",1116,1089,27
"North Bellmore CDP, New York: Summary level: 160, state:36> place:51517",6469,5731,738
"North Massapequa CDP, New York: Summary level: 160, state:36> place:53253",6189,5917,272
"Antwerp village, New York: Summary level: 160, state:36> place:02286",221,176,45
"Southampton village, New York: Summary level: 160, state:36> place:68462",1352,1044,308
"Olean city, New York: Summary level: 160, state:36> place:54716",6158,3179,2979
"Yorkshire CDP, New York: Summary level: 160, state:36> place:84044",573,423,150
"Schuylerville village, New York: Summary level: 160, state:36> place:65750",614,318,296
"Glens Falls city, New York: Summary level: 160, state:36> place:29333",6466,3277,3189
"Jamesport CDP, New York: Summary level: 160, state:36> place:38253",446,415,31
"Lake Ronkonkoma CDP, New York: Summary level: 160, state:36> place:40838",6770,4999,1771
"Mastic CDP, New York: Summary level: 160, state:36> place:46074",4079,3224,855
"North Bay Shore CDP, New York: Summary level: 160, state:36> place:51495",4347,3219,1128
"North Haven village, New York: Summary level: 160, state:36> place:52188",383,363,20
"Port Jefferson village, New York: Summary level: 160, state:36> place:59355",3030,2065,965
"Riverside CDP, New York: Summary level: 160, state:36> place:62066",512,371,141
"Selden CDP, New York: Summary level: 160, state:36> place:66212",6214,4866,1348
"Smithtown CDP, New York: Summary level: 160, state:36> place:67851",8888,7683,1205
"Sound Beach CDP, New York: Summary level: 160, state:36> place:68374",2737,2525,212
"Westhampton CDP, New York: Summary level: 160, state:36> place:80170",983,787,196
"Westhampton Beach village, New York: Summary level: 160, state:36> place:80181",721,532,189
"Salamanca city, New York: Summary level: 160, state:36> place:64749",2170,1098,1072
"Poquott village, New York: Summary level: 160, state:36> place:59157",346,326,20
"Rocky Point CDP, New York: Summary level: 160, state:36> place:63319",4491,3764,727
"Shelter Island Heights CDP, New York: Summary level: 160, state:36> place:66850",450,404,46
"Stony Brook CDP, New York: Summary level: 160, state:36> place:71608",4487,4125,362
"Jordan village, New York: Summary level: 160, state:36> place:38825",572,377,195
"Lyncourt CDP, New York: Summary level: 160, state:36> place:43885",1707,1185,522
"Manlius village, New York: Summary level: 160, state:36> place:45018",1985,1244,741
"Minoa village, New York: Summary level: 160, state:36> place:47757",1370,961,409
"Nedrow CDP, New York: Summary level: 160, state:36> place:49726",945,875,70
"Seneca Knolls CDP, New York: Summary level: 160, state:36> place:66366",932,825,107
"Castile village, New York: Summary level: 160, state:36> place:12771",407,289,118
"Fort Johnson village, New York: Summary level: 160, state:36> place:26880",259,219,40
"Tribes Hill CDP, New York: Summary level: 160, state:36> place:75341",377,298,79
"Delanson village, New York: Summary level: 160, state:36> place:20082",106,73,33
"Rotterdam CDP, New York: Summary level: 160, state:36> place:63924",7210,5729,1481
"Brewerton CDP, New York: Summary level: 160, state:36> place:08059",1660,939,721
"Broadalbin village, New York: Summary level: 160, state:36> place:08422",617,384,233
"East Rochester village, New York: Summary level: 160, state:36> place:22865",2834,1757,1077
"Plattsburgh West CDP, New York: Summary level: 160, state:36> place:58601",582,466,116
"La Fargeville CDP, New York: Summary level: 160, state:36> place:40233",201,183,18
"Great Neck Estates village, New York: Summary level: 160, state:36> place:30191",966,870,96
"New Hyde Park village, New York: Summary level: 160, state:36> place:50397",2798,2299,499
"Callicoon CDP, New York: Summary level: 160, state:36> place:11748",140,87,53
"Hillburn village, New York: Summary level: 160, state:36> place:34660",295,196,99
"Valley Cottage CDP, New York: Summary level: 160, state:36> place:76661",3452,2932,520
"West Winfield village, New York: Summary level: 160, state:36> place:81292",353,254,99
"Red Hook village, New York: Summary level: 160, state:36> place:60895",830,404,426
"Thiells CDP, New York: Summary level: 160, state:36> place:73583",1514,1399,115
"Adams Center CDP, New York: Summary level: 160, state:36> place:00232",625,423,202
"Clintondale CDP, New York: Summary level: 160, state:36> place:16452",582,322,260
"Homer village, New York: Summary level: 160, state:36> place:35276",1330,816,514
"Lake Katrine CDP, New York: Summary level: 160, state:36> place:40585",936,458,478
"Auburn city, New York: Summary level: 160, state:36> place:03078",11607,5519,6088
"Lyon Mountain CDP, New York: Summary level: 160, state:36> place:43951",123,89,34
"Ovid village, New York: Summary level: 160, state:36> place:55816",217,119,98
"Valley Falls village, New York: Summary level: 160, state:36> place:76672",178,127,51
"Solvay village, New York: Summary level: 160, state:36> place:68286",2802,1581,1221
"Ossining village, New York: Summary level: 160, state:36> place:55530",8418,4216,4202
"Sands Point village, New York: Summary level: 160, state:36> place:65035",947,879,68
"Oneida Castle village, New York: Summary level: 160, state:36> place:54848",276,212,64
"East Hampton North CDP, New York: Summary level: 160, state:36> place:22200",1753,1351,402
"Waverly village, New York: Summary level: 160, state:36> place:78806",1702,900,802
"Tupper Lake village, New York: Summary level: 160, state:36> place:75671",1735,1099,636
"Greenport village, New York: Summary level: 160, state:36> place:30576",838,509,329
"Nissequogue village, New York: Summary level: 160, state:36> place:51286",518,508,10
"Windsor village, New York: Summary level: 160, state:36> place:82524",400,295,105
"Hopewell Junction CDP, New York: Summary level: 160, state:36> place:35573",118,98,20
"Leicester village, New York: Summary level: 160, state:36> place:41872",210,144,66
"Barker village, New York: Summary level: 160, state:36> place:04440",215,151,64
"Jefferson Heights CDP, New York: Summary level: 160, state:36> place:38451",424,271,153
"Stamford village, New York: Summary level: 160, state:36> place:70618",579,298,281
"Saltaire village, New York: Summary level: 160, state:36> place:64881",4,2,2
"Fire Island CDP, New York: Summary level: 160, state:36> place:25839",76,67,9
"Cooperstown village, New York: Summary level: 160, state:36> place:18047",882,525,357
"Mechanicville city, New York: Summary level: 160, state:36> place:46360",2310,826,1484
"Floral Park village, New York: Summary level: 160, state:36> place:26264",5706,4510,1196
"Freeport village, New York: Summary level: 160, state:36> place:27485",14021,9406,4615
"Garden City village, New York: Summary level: 160, state:36> place:28178",7365,6990,375
"East Farmingdale CDP, New York: Summary level: 160, state:36> place:21985",1827,1104,723
"East Marion CDP, New York: Summary level: 160, state:36> place:22447",449,364,85
"Glens Falls North CDP, New York: Summary level: 160, state:36> place:29338",3721,2319,1402
"Tannersville village, New York: Summary level: 160, state:36> place:73143",346,203,143
"Painted Post village, New York: Summary level: 160, state:36> place:56088",788,483,305
"Gasport CDP, New York: Summary level: 160, state:36> place:28431",564,332,232
"Lockport city, New York: Summary level: 160, state:36> place:43082",8879,4914,3965
"Pelham Manor village, New York: Summary level: 160, state:36> place:57023",1698,1517,181
"Port Chester village, New York: Summary level: 160, state:36> place:59223",9129,3945,5184
"Scarsdale village, New York: Summary level: 160, state:36> place:65431",5590,5066,524
"Shrub Oak CDP, New York: Summary level: 160, state:36> place:67279",997,642,355
"Yonkers city, New York: Summary level: 160, state:36> place:84000",74848,34791,40057
"Round Lake village, New York: Summary level: 160, state:36> place:63957",332,273,59
"Franklin village, New York: Summary level: 160, state:36> place:27221",165,96,69
"Hancock village, New York: Summary level: 160, state:36> place:31940",531,320,211
"Westvale CDP, New York: Summary level: 160, state:36> place:81127",1983,1852,131
"Attica village, New York: Summary level: 160, state:36> place:03001",1239,787,452
"Gainesville village, New York: Summary level: 160, state:36> place:27969",101,69,32
"Amsterdam city, New York: Summary level: 160, state:36> place:02066",7238,3587,3651
"Airmont village, New York: Summary level: 160, state:36> place:00408",2473,1775,698
"Congers CDP, New York: Summary level: 160, state:36> place:17739",2752,2383,369
"Monsey CDP, New York: Summary level: 160, state:36> place:48010",3989,1538,2451
"DeRuyter village, New York: Summary level: 160, state:36> place:20390",176,121,55
"Springville village, New York: Summary level: 160, state:36> place:70442",1850,1019,831
"Tonawanda city, New York: Summary level: 160, state:36> place:74166",6981,4864,2117
"Canastota village, New York: Summary level: 160, state:36> place:12188",1762,948,814
"Tonawanda CDP, New York: Summary level: 160, state:36> place:74183",25793,19141,6652
"Madison village, New York: Summary level: 160, state:36> place:44424",158,112,46
"West Sand Lake CDP, New York: Summary level: 160, state:36> place:80863",1000,906,94
"Forest Home CDP, New York: Summary level: 160, state:36> place:26561",290,71,219
"Mayville village, New York: Summary level: 160, state:36> place:46239",524,348,176
"Webster village, New York: Summary level: 160, state:36> place:78960",2426,993,1433
"Nichols village, New York: Summary level: 160, state:36> place:51110",202,147,55
"Dexter village, New York: Summary level: 160, state:36> place:20500",408,227,181
"Nassau village, New York: Summary level: 160, state:36> place:49506",442,299,143
"Troy city, New York: Summary level: 160, state:36> place:75484",19954,7300,12654
"Glen Cove city, New York: Summary level: 160, state:36> place:29113",9792,4974,4818
"Johnson City village, New York: Summary level: 160, state:36> place:38748",6288,3371,2917
"Le Roy village, New York: Summary level: 160, state:36> place:42026",1782,1058,724
"Lisle village, New York: Summary level: 160, state:36> place:42642",96,61,35
"Mohawk village, New York: Summary level: 160, state:36> place:47823",1034,560,474
"Port Dickinson village, New York: Summary level: 160, state:36> place:59245",770,521,249
"Millbrook village, New York: Summary level: 160, state:36> place:47273",676,357,319
"Rhinebeck village, New York: Summary level: 160, state:36> place:61346",1254,653,601
"Greece CDP, New York: Summary level: 160, state:36> place:30279",6305,4436,1869
"Nyack village, New York: Summary level: 160, state:36> place:54100",3300,905,2395
"Pearl River CDP, New York: Summary level: 160, state:36> place:56902",5735,4669,1066
"Suffern village, New York: Summary level: 160, state:36> place:71894",4364,3071,1293
"Star Lake CDP, New York: Summary level: 160, state:36> place:70849",369,246,123
"Palmyra village, New York: Summary level: 160, state:36> place:56187",1471,733,738
"Elmira Heights village, New York: Summary level: 160, state:36> place:24251",1811,855,956
"Horseheads village, New York: Summary level: 160, state:36> place:35694",2998,1735,1263
"Wellsburg village, New York: Summary level: 160, state:36> place:79081",165,140,25
"Caledonia village, New York: Summary level: 160, state:36> place:11704",935,664,271
"Lima village, New York: Summary level: 160, state:36> place:42323",911,614,297
"Pleasant Valley CDP, New York: Summary level: 160, state:36> place:58684",662,247,415
"Spackenkill CDP, New York: Summary level: 160, state:36> place:70035",1389,1304,85
"Claverack-Red Mills CDP, New York: Summary level: 160, state:36> place:16050",251,229,22
"Germantown CDP, New York: Summary level: 160, state:36> place:28761",375,307,68
"Grand View-on-Hudson village, New York: Summary level: 160, state:36> place:29872",132,109,23
"Nanuet CDP, New York: Summary level: 160, state:36> place:49407",6382,4592,1790
"Orangeburg CDP, New York: Summary level: 160, state:36> place:55167",1406,991,415
"Spring Valley village, New York: Summary level: 160, state:36> place:70420",9373,2656,6717
"Scotchtown CDP, New York: Summary level: 160, state:36> place:65882",3313,2008,1305
"Harriman village, New York: Summary level: 160, state:36> place:32325",1065,468,597
"Kiryas Joel village, New York: Summary level: 160, state:36> place:39853",4089,1115,2974
"Orange Lake CDP, New York: Summary level: 160, state:36> place:55189",2314,1829,485
"Waterville village, New York: Summary level: 160, state:36> place:78663",633,389,244
"Ellicottville village, New York: Summary level: 160, state:36> place:24020",144,105,39
"Black River village, New York: Summary level: 160, state:36> place:06794",513,285,228
"Carthage village, New York: Summary level: 160, state:36> place:12683",1245,511,734
"Cragsmoor CDP, New York: Summary level: 160, state:36> place:18762",153,134,19
"High Falls CDP, New York: Summary level: 160, state:36> place:34451",269,196,73
"Delhi village, New York: Summary level: 160, state:36> place:20126",779,410,369
"Morristown village, New York: Summary level: 160, state:36> place:48571",128,108,20
"Keeseville CDP, New York: Summary level: 160, state:36> place:39089",1202,773,429
"Salem CDP, New York: Summary level: 160, state:36> place:64771",298,227,71
"Copake Hamlet CDP, New York: Summary level: 160, state:36> place:18118",97,69,28
"Wells CDP, New York: Summary level: 160, state:36> place:79048",116,104,12
"Thendara CDP, New York: Summary level: 160, state:36> place:73495",38,38,0
"Randolph CDP, New York: Summary level: 160, state:36> place:60576",493,288,205
"Virgil CDP, New York: Summary level: 160, state:36> place:77585",148,128,20
"Edwards CDP, New York: Summary level: 160, state:36> place:23635",162,108,54
"Taconic Shores CDP, New York: Summary level: 160, state:36> place:73057",253,253,0
"Hermon CDP, New York: Summary level: 160, state:36> place:34165",194,113,81
"Herrings CDP, New York: Summary level: 160, state:36> place:34220",47,40,7
"Macedon CDP, New York: Summary level: 160, state:36> place:44149",855,616,239
"Barneveld CDP, New York: Summary level: 160, state:36> place:04528",150,89,61
"Port Henry CDP, New York: Summary level: 160, state:36> place:59333",536,391,145
"West Haverstraw village, New York: Summary level: 160, state:36> place:80203",3071,1845,1226
"Tappan CDP, New York: Summary level: 160, state:36> place:73154",2359,2222,137
"Wesley Hills village, New York: Summary level: 160, state:36> place:79174",1508,1448,60
"Norfolk CDP, New York: Summary level: 160, state:36> place:51319",660,353,307
"Poughkeepsie city, New York: Summary level: 160, state:36> place:59641",12627,4253,8374
"Tivoli village, New York: Summary level: 160, state:36> place:74023",486,249,237
"Horseheads North CDP, New York: Summary level: 160, state:36> place:35710",1053,764,289
"Southport CDP, New York: Summary level: 160, state:36> place:69606",3236,2193,1043
"Yaphank CDP, New York: Summary level: 160, state:36> place:83426",1994,1644,350
"Buchanan village, New York: Summary level: 160, state:36> place:10341",727,558,169
"Eastchester CDP, New York: Summary level: 160, state:36> place:21809",7817,6207,1610
"Elmsford village, New York: Summary level: 160, state:36> place:24295",1558,731,827
"Greenville CDP (Westchester County), New York: Summary level: 160, state:36> place:30642",2282,2155,127
"Irvington village, New York: Summary level: 160, state:36> place:37803",2413,1930,483
"South Glens Falls village, New York: Summary level: 160, state:36> place:69078",1685,796,889
"Brushton village, New York: Summary level: 160, state:36> place:10286",195,118,77
"Burke village, New York: Summary level: 160, state:36> place:11154",92,64,28
"Amityville village, New York: Summary level: 160, state:36> place:02044",3421,2425,996
"Babylon village, New York: Summary level: 160, state:36> place:03408",4324,3332,992
"Central Islip CDP, New York: Summary level: 160, state:36> place:13552",9183,6037,3146
"Copiague CDP, New York: Summary level: 160, state:36> place:18146",7016,5614,1402
"Coram CDP, New York: Summary level: 160, state:36> place:18157",14685,10011,4674
"East Islip CDP, New York: Summary level: 160, state:36> place:22315",4323,3782,541
"East Northport CDP, New York: Summary level: 160, state:36> place:22612",6983,5949,1034
"East Quogue CDP, New York: Summary level: 160, state:36> place:22832",1895,1677,218
"Hartsdale CDP, New York: Summary level: 160, state:36> place:32523",2408,1790,618
"Amagansett CDP, New York: Summary level: 160, state:36> place:01594",358,304,54
"Bayport CDP, New York: Summary level: 160, state:36> place:04913",3205,2342,863
"Centereach CDP, New York: Summary level: 160, state:36> place:13376",9682,8029,1653
"Cold Spring Harbor CDP, New York: Summary level: 160, state:36> place:16958",1714,1447,267
"Elwood CDP, New York: Summary level: 160, state:36> place:24405",3566,3332,234
"Candor village, New York: Summary level: 160, state:36> place:12210",274,229,45
"Crugers CDP, New York: Summary level: 160, state:36> place:19290",789,145,644
"Golden's Bridge CDP, New York: Summary level: 160, state:36> place:29476",696,637,59
"Hawthorne CDP, New York: Summary level: 160, state:36> place:32842",1618,1384,234
"East Shoreham CDP, New York: Summary level: 160, state:36> place:22980",1984,1853,131
"Halesite CDP, New York: Summary level: 160, state:36> place:31445",998,963,35
"Hampton Bays CDP, New York: Summary level: 160, state:36> place:31896",5502,3817,1685
"Holtsville CDP, New York: Summary level: 160, state:36> place:35254",6554,5349,1205
"Kings Park CDP, New York: Summary level: 160, state:36> place:39672",6071,4877,1194
"New Hempstead village, New York: Summary level: 160, state:36> place:50353",1295,1167,128
"Seneca Falls CDP, New York: Summary level: 160, state:36> place:66322",2664,1762,902
"East Randolph CDP, New York: Summary level: 160, state:36> place:22843",189,90,99
"Perrysburg CDP, New York: Summary level: 160, state:36> place:57287",133,94,39
"Copake Falls CDP, New York: Summary level: 160, state:36> place:18113",155,47,108
"Pierrepont Manor CDP, New York: Summary level: 160, state:36> place:57782",52,24,28
"Piffard CDP, New York: Summary level: 160, state:36> place:57804",131,106,25
"Pike CDP, New York: Summary level: 160, state:36> place:57815",110,100,10
"Pine Valley CDP, New York: Summary level: 160, state:36> place:58189",306,283,23
"Plessis CDP, New York: Summary level: 160, state:36> place:58739",43,43,0
"York Hamlet CDP, New York: Summary level: 160, state:36> place:84035",210,161,49
"Watchtower CDP, New York: Summary level: 160, state:36> place:78487",0,0,0
"Water Mill CDP, New York: Summary level: 160, state:36> place:78575",759,719,40
"Brasher Falls CDP, New York: Summary level: 160, state:36> place:07960",308,170,138
"Campbell CDP, New York: Summary level: 160, state:36> place:11935",305,235,70
"Caroga Lake CDP, New York: Summary level: 160, state:36> place:12584",268,237,31
"Central Bridge CDP, New York: Summary level: 160, state:36> place:13530",108,88,20
"Chautauqua CDP, New York: Summary level: 160, state:36> place:14058",68,68,0
"Chadwicks CDP, New York: Summary level: 160, state:36> place:13662",582,322,260
"Chenango Bridge CDP, New York: Summary level: 160, state:36> place:15121",1097,1010,87
"Clarkson CDP, New York: Summary level: 160, state:36> place:15946",1740,1357,383
"Chazy CDP, New York: Summary level: 160, state:36> place:14102",191,146,45
"Chestertown CDP, New York: Summary level: 160, state:36> place:15363",263,109,154
"Clarence CDP, New York: Summary level: 160, state:36> place:15814",1054,720,334
"Colton CDP, New York: Summary level: 160, state:36> place:17398",157,132,25
"Conesus Hamlet CDP, New York: Summary level: 160, state:36> place:17620",159,116,43
"Coopers Plains CDP, New York: Summary level: 160, state:36> place:18036",204,204,0
"Conesus Lake CDP, New York: Summary level: 160, state:36> place:17622",1232,1039,193
"Cranberry Lake CDP, New York: Summary level: 160, state:36> place:18817",83,75,8
"Cumminsville CDP, New York: Summary level: 160, state:36> place:19411",107,67,40
"Cuylerville CDP, New York: Summary level: 160, state:36> place:19510",136,86,50
"Crystal Beach CDP, New York: Summary level: 160, state:36> place:19308",400,344,56
"Dalton CDP, New York: Summary level: 160, state:36> place:19587",130,125,5
"Davenport Center CDP, New York: Summary level: 160, state:36> place:19774",94,38,56
"DeKalb Junction CDP, New York: Summary level: 160, state:36> place:20049",209,157,52
"Downsville CDP, New York: Summary level: 160, state:36> place:20852",217,169,48
"Durhamville CDP, New York: Summary level: 160, state:36> place:21226",266,138,128
"East Avon CDP, New York: Summary level: 160, state:36> place:21600",350,123,227
"Edmeston CDP, New York: Summary level: 160, state:36> place:23602",267,200,67
"Eggertsville CDP, New York: Summary level: 160, state:36> place:23701",6447,4934,1513
"Elizabethtown CDP, New York: Summary level: 160, state:36> place:23822",262,180,82
"Erin CDP, New York: Summary level: 160, state:36> place:24625",164,160,4
"Felts Mills CDP, New York: Summary level: 160, state:36> place:25571",167,132,35
"Fort Covington Hamlet CDP, New York: Summary level: 160, state:36> place:26752",502,408,94
"Fowlerville CDP, New York: Summary level: 160, state:36> place:27133",58,34,24
"Freedom Plains CDP, New York: Summary level: 160, state:36> place:27452",166,116,50
"Fishers Landing CDP, New York: Summary level: 160, state:36> place:25934",32,32,0
"Gates CDP, New York: Summary level: 160, state:36> place:28453",2079,1922,157
"Gilgo CDP, New York: Summary level: 160, state:36> place:28990",72,72,0
"Worcester CDP, New York: Summary level: 160, state:36> place:83118",364,276,88
"Glen Aubrey CDP, New York: Summary level: 160, state:36> place:29058",115,88,27
"Grandyle Village CDP, New York: Summary level: 160, state:36> place:29894",1966,1793,173
"Greigsville CDP, New York: Summary level: 160, state:36> place:30807",113,71,42
"Belle Terre village, New York: Summary level: 160, state:36> place:05672",250,240,10
"Bellport village, New York: Summary level: 160, state:36> place:05771",823,714,109
"Center Moriches CDP, New York: Summary level: 160, state:36> place:13420",2753,2294,459
"Deer Park CDP, New York: Summary level: 160, state:36> place:19972",8594,7181,1413
"Springs CDP, New York: Summary level: 160, state:36> place:70387",2679,2299,380
"Terryville CDP, New York: Summary level: 160, state:36> place:73352",3742,2923,819
"Walton village, New York: Summary level: 160, state:36> place:78036",1258,731,527
"Albany city, New York: Summary level: 160, state:36> place:01000",41207,15176,26031
"Hoosick Falls village, New York: Summary level: 160, state:36> place:35474",1425,884,541
"New York city, New York: Summary level: 160, state:36> place:51000",3154103,1029840,2124263
"Bloomfield village, New York: Summary level: 160, state:36> place:06945",603,433,170
"Phelps village, New York: Summary level: 160, state:36> place:57518",764,487,277
"Falconer village, New York: Summary level: 160, state:36> place:25164",1097,672,425
"Jamestown city, New York: Summary level: 160, state:36> place:38264",12652,6434,6218
"Silver Creek village, New York: Summary level: 160, state:36> place:67411",970,774,196
"Turin village, New York: Summary level: 160, state:36> place:75682",87,76,11
"Woodmere CDP, New York: Summary level: 160, state:36> place:82942",5140,4434,706
"Plandome Manor village, New York: Summary level: 160, state:36> place:58497",259,255,4
"South Floral Park village, New York: Summary level: 160, state:36> place:69023",562,460,102
"Westbury village, New York: Summary level: 160, state:36> place:79444",4918,3699,1219
"Woodsburgh village, New York: Summary level: 160, state:36> place:82986",268,263,5
"Clark Mills CDP, New York: Summary level: 160, state:36> place:15902",798,451,347
"Holland Patent village, New York: Summary level: 160, state:36> place:35144",166,114,52
"Oriskany Falls village, New York: Summary level: 160, state:36> place:55376",325,197,128
"Mechanicstown CDP, New York: Summary level: 160, state:36> place:46349",2941,1260,1681
"Tuxedo Park village, New York: Summary level: 160, state:36> place:75803",233,198,35
"Washingtonville village, New York: Summary level: 160, state:36> place:78465",2122,1636,486
"Phoenix village, New York: Summary level: 160, state:36> place:57661",1086,415,671
"Sandy Creek village, New York: Summary level: 160, state:36> place:65068",302,199,103
"Balmville CDP, New York: Summary level: 160, state:36> place:04286",1178,887,291
"Florida village, New York: Summary level: 160, state:36> place:26319",1008,776,232
"Greenwood Lake village, New York: Summary level: 160, state:36> place:30752",1218,952,266
"Middletown city, New York: Summary level: 160, state:36> place:47042",10331,5744,4587
"New Windsor CDP, New York: Summary level: 160, state:36> place:50837",3506,2444,1062
"Walden village, New York: Summary level: 160, state:36> place:77849",2210,1508,702
"West Point CDP, New York: Summary level: 160, state:36> place:80747",882,6,876
"Chester village, New York: Summary level: 160, state:36> place:15297",1418,952,466
"Fishkill village, New York: Summary level: 160, state:36> place:25967",980,361,619
"Myers Corner CDP, New York: Summary level: 160, state:36> place:49363",2359,2200,159
"Pine Plains CDP, New York: Summary level: 160, state:36> place:58145",551,363,188
"Arlington CDP, New York: Summary level: 160, state:36> place:02616",1090,304,786
"Philmont village, New York: Summary level: 160, state:36> place:57639",568,230,338
"Brighton CDP, New York: Summary level: 160, state:36> place:08257",15441,8880,6561
"Rochester city, New York: Summary level: 160, state:36> place:63000",86057,31226,54831
"Stony Point CDP, New York: Summary level: 160, state:36> place:71663",4376,3644,732
"Sidney village, New York: Summary level: 160, state:36> place:67334",1729,969,760
"Upper Nyack village, New York: Summary level: 160, state:36> place:76386",784,684,100
"Elba village, New York: Summary level: 160, state:36> place:23745",235,202,33
"Hudson city, New York: Summary level: 160, state:36> place:35969",2694,862,1832
"Stottville CDP, New York: Summary level: 160, state:36> place:71718",556,274,282
"Brockport village, New York: Summary level: 160, state:36> place:08466",2260,907,1353
"Honeoye Falls village, New York: Summary level: 160, state:36> place:35364",1203,696,507
"Village of the Branch village, New York: Summary level: 160, state:36> place:77519",591,536,55
"Delevan village, New York: Summary level: 160, state:36> place:20115",403,204,199
"St. Bonaventure CDP, New York: Summary level: 160, state:36> place:64551",295,162,133
"Gloversville city, New York: Summary level: 160, state:36> place:29443",6159,3252,2907
"Mayfield village, New York: Summary level: 160, state:36> place:46206",321,251,70
"Sand Ridge CDP, New York: Summary level: 160, state:36> place:65024",242,224,18
"Vails Gate CDP, New York: Summary level: 160, state:36> place:76584",1385,668,717
"Warwick village, New York: Summary level: 160, state:36> place:78355",2912,1744,1168
"Niverville CDP, New York: Summary level: 160, state:36> place:51297",465,360,105
"Irondequoit CDP, New York: Summary level: 160, state:36> place:37737",22085,17173,4912
"Scottsville village, New York: Summary level: 160, state:36> place:65959",803,641,162
"Blauvelt CDP, New York: Summary level: 160, state:36> place:06860",1617,1592,25
"Chestnut Ridge village, New York: Summary level: 160, state:36> place:15400",2432,1990,442
"Haverstraw village, New York: Summary level: 160, state:36> place:32754",3641,1507,2134
"Kaser village, New York: Summary level: 160, state:36> place:38934",926,52,874
"Montebello village, New York: Summary level: 160, state:36> place:48090",1673,1534,139
"New City CDP, New York: Summary level: 160, state:36> place:50100",11451,10212,1239
"Pomona village, New York: Summary level: 160, state:36> place:58992",991,901,90
"Heuvelton village, New York: Summary level: 160, state:36> place:34264",319,229,90
"Dolgeville village, New York: Summary level: 160, state:36> place:20731",1006,625,381
"Herkimer village, New York: Summary level: 160, state:36> place:34121",2894,1279,1615
"Middleville village, New York: Summary level: 160, state:36> place:47108",225,195,30
"Beacon city, New York: Summary level: 160, state:36> place:05100",5178,3048,2130
"Victor village, New York: Summary level: 160, state:36> place:77376",1122,895,227
"Schaghticoke village, New York: Summary level: 160, state:36> place:65475",273,173,100
"Wynantskill CDP, New York: Summary level: 160, state:36> place:83349",1358,1004,354
"Union Springs village, New York: Summary level: 160, state:36> place:76155",439,306,133
"Colonie village, New York: Summary level: 160, state:36> place:17332",3013,2383,630
"Weston Mills CDP, New York: Summary level: 160, state:36> place:80632",613,444,169
"Clayton village, New York: Summary level: 160, state:36> place:16089",884,513,371
"Deferiet village, New York: Summary level: 160, state:36> place:19994",120,72,48
"Depauville CDP, New York: Summary level: 160, state:36> place:20302",162,148,14
"Evans Mills village, New York: Summary level: 160, state:36> place:24823",218,109,109
"Port Ewen CDP, New York: Summary level: 160, state:36> place:59311",1449,1034,415
"Saugerties South CDP, New York: Summary level: 160, state:36> place:65310",756,512,244
"Stone Ridge CDP, New York: Summary level: 160, state:36> place:71597",428,363,65
"Wallkill CDP, New York: Summary level: 160, state:36> place:78003",773,458,315
"West Hurley CDP, New York: Summary level: 160, state:36> place:80291",894,783,111
"Woodstock CDP, New York: Summary level: 160, state:36> place:83041",1096,704,392
"Cambridge village, New York: Summary level: 160, state:36> place:11825",824,481,343
"Hudson Falls village, New York: Summary level: 160, state:36> place:35980",2901,1444,1457
"Waterford village, New York: Summary level: 160, state:36> place:78520",958,427,531
"Lake George village, New York: Summary level: 160, state:36> place:40508",494,254,240
"Chateaugay village, New York: Summary level: 160, state:36> place:13981",313,200,113
"Malone village, New York: Summary level: 160, state:36> place:44710",2501,1259,1242
"Aquebogue CDP, New York: Summary level: 160, state:36> place:02374",792,585,207
"Bridgehampton CDP, New York: Summary level: 160, state:36> place:08136",534,473,61
"Little Valley village, New York: Summary level: 160, state:36> place:42829",445,253,192
"Centerport CDP, New York: Summary level: 160, state:36> place:13442",1938,1836,102
"Dix Hills CDP, New York: Summary level: 160, state:36> place:20687",8269,7771,498
"West Babylon CDP, New York: Summary level: 160, state:36> place:79246",13351,10025,3326
"Brownville village, New York: Summary level: 160, state:36> place:10231",407,283,124
"North Lindenhurst CDP, New York: Summary level: 160, state:36> place:53198",3581,2333,1248
"Riverhead CDP, New York: Summary level: 160, state:36> place:61973",5373,3180,2193
"South Huntington CDP, New York: Summary level: 160, state:36> place:69254",3302,2837,465
"Shinnecock Hills CDP, New York: Summary level: 160, state:36> place:67048",1017,762,255
"Flanders CDP, New York: Summary level: 160, state:36> place:26121",1354,970,384
"Fort Edward village, New York: Summary level: 160, state:36> place:26770",1381,817,564
"Stillwater village, New York: Summary level: 160, state:36> place:71322",735,515,220
"West Glens Falls CDP, New York: Summary level: 160, state:36> place:80082",2714,2255,459
"Great River CDP, New York: Summary level: 160, state:36> place:30235",425,378,47
"Hauppauge CDP, New York: Summary level: 160, state:36> place:32732",6795,5668,1127
"Lindenhurst village, New York: Summary level: 160, state:36> place:42554",8839,7060,1779
"Oakfield village, New York: Summary level: 160, state:36> place:54155",632,463,169
"Briarcliff Manor village, New York: Summary level: 160, state:36> place:08103",2661,2234,427
"Bronxville village, New York: Summary level: 160, state:36> place:08532",2190,1758,432
"Centre Island village, New York: Summary level: 160, state:36> place:13618",184,169,15
"Chittenango village, New York: Summary level: 160, state:36> place:15561",1732,1316,416
"Larchmont village, New York: Summary level: 160, state:36> place:41333",2033,1545,488
"Mount Kisco village, New York: Summary level: 160, state:36> place:48890",4036,2477,1559
"Pleasantville village, New York: Summary level: 160, state:36> place:58728",2548,1878,670
"Atlantic Beach village, New York: Summary level: 160, state:36> place:02968",601,504,97
"Baldwin CDP, New York: Summary level: 160, state:36> place:04143",7894,6667,1227
"Cedarhurst village, New York: Summary level: 160, state:36> place:13233",1888,1170,718
"East Massapequa CDP, New York: Summary level: 160, state:36> place:22480",6794,5830,964
"Garden City South CDP, New York: Summary level: 160, state:36> place:28200",1332,1242,90
"Great Neck village, New York: Summary level: 160, state:36> place:30169",3089,2348,741
"Kings Point village, New York: Summary level: 160, state:36> place:39694",1306,1264,42
"Peru CDP, New York: Summary level: 160, state:36> place:57364",680,525,155
"Plattsburgh city, New York: Summary level: 160, state:36> place:58574",7894,2905,4989
"Watervliet city, New York: Summary level: 160, state:36> place:78674",4716,1546,3170
"East Hills village, New York: Summary level: 160, state:36> place:22260",2348,2334,14
"Farmingdale village, New York: Summary level: 160, state:36> place:25384",3704,2547,1157
"Glenwood Landing CDP, New York: Summary level: 160, state:36> place:29421",1379,1186,193
"Great Neck Gardens CDP, New York: Summary level: 160, state:36> place:30202",301,277,24
"Inwood CDP, New York: Summary level: 160, state:36> place:37583",3043,1485,1558
"Massapequa Park village, New York: Summary level: 160, state:36> place:45997",5669,5521,148
"North New Hyde Park CDP, New York: Summary level: 160, state:36> place:53275",4790,4432,358
"Old Westbury village, New York: Summary level: 160, state:36> place:54705",1100,1029,71
"Plandome Heights village, New York: Summary level: 160, state:36> place:58486",329,315,14
"South Hempstead CDP, New York: Summary level: 160, state:36> place:69188",1053,920,133
"Margaretville village, New York: Summary level: 160, state:36> place:45557",246,140,106
"South Valley Stream CDP, New York: Summary level: 160, state:36> place:69892",2029,1756,273
"Upper Brookville village, New York: Summary level: 160, state:36> place:76331",504,458,46
"Williston Park village, New York: Summary level: 160, state:36> place:82117",2582,2079,503
"Woodbury CDP, New York: Summary level: 160, state:36> place:82744",2964,2565,399
"New York Mills village, New York: Summary level: 160, state:36> place:51011",1737,777,960
"Oriskany village, New York: Summary level: 160, state:36> place:55365",607,375,232
"Rome city, New York: Summary level: 160, state:36> place:63418",12622,7071,5551
"Fayetteville village, New York: Summary level: 160, state:36> place:25527",1727,1332,395
"Canton village, New York: Summary level: 160, state:36> place:12331",1513,725,788
"Bardonia CDP, New York: Summary level: 160, state:36> place:04396",1321,1137,184
"Piermont village, New York: Summary level: 160, state:36> place:57749",1184,805,379
"Sloatsburg village, New York: Summary level: 160, state:36> place:67708",1087,853,234
"Massena village, New York: Summary level: 160, state:36> place:46019",4635,2989,1646
"Potsdam village, New York: Summary level: 160, state:36> place:59564",2107,907,1200
"Unadilla village, New York: Summary level: 160, state:36> place:76001",462,302,160
"Highland CDP, New York: Summary level: 160, state:36> place:34484",2101,1223,878
"Lincoln Park CDP, New York: Summary level: 160, state:36> place:42488",1121,448,673
"Marlboro CDP, New York: Summary level: 160, state:36> place:45700",1520,872,648
"New Paltz village, New York: Summary level: 160, state:36> place:50551",1935,514,1421
"Pine Hill CDP, New York: Summary level: 160, state:36> place:58057",91,81,10
"Deposit village, New York: Summary level: 160, state:36> place:20346",669,397,272
"Corinth village, New York: Summary level: 160, state:36> place:18212",981,621,360
"North Ballston Spa CDP, New York: Summary level: 160, state:36> place:51467",703,538,165
"East Greenbush CDP, New York: Summary level: 160, state:36> place:22106",1821,1307,514
"Thornwood CDP, New York: Summary level: 160, state:36> place:73715",1316,1029,287
"White Plains city, New York: Summary level: 160, state:36> place:81677",22929,12028,10901
"Canajoharie village, New York: Summary level: 160, state:36> place:12111",829,443,386
"Duane Lake CDP, New York: Summary level: 160, state:36> place:20989",92,92,0
"East Glenville CDP, New York: Summary level: 160, state:36> place:22084",2203,1738,465
"Scotia village, New York: Summary level: 160, state:36> place:65893",3061,2093,968
"Northville village, New York: Summary level: 160, state:36> place:53770",449,242,207
"Cleveland village, New York: Summary level: 160, state:36> place:16188",283,226,57
"Mexico village, New York: Summary level: 160, state:36> place:46811",642,364,278
"Monticello village, New York: Summary level: 160, state:36> place:48175",2430,722,1708
"Goshen village, New York: Summary level: 160, state:36> place:29542",1990,1023,967
"Highland Falls village, New York: Summary level: 160, state:36> place:34495",1662,871,791
"Maybrook village, New York: Summary level: 160, state:36> place:46162",1370,849,521
"Lacona village, New York: Summary level: 160, state:36> place:40200",250,172,78
"Minetto CDP, New York: Summary level: 160, state:36> place:47680",467,377,90
"Liberty village, New York: Summary level: 160, state:36> place:42224",1469,578,891
"Monroe village, New York: Summary level: 160, state:36> place:47988",2584,2011,573
"Smallwood CDP, New York: Summary level: 160, state:36> place:67730",241,189,52
"Wurtsboro village, New York: Summary level: 160, state:36> place:83272",460,292,168
"Montgomery village, New York: Summary level: 160, state:36> place:48142",1573,963,610
"Newburgh city, New York: Summary level: 160, state:36> place:50034",9358,2855,6503
"Unionville village, New York: Summary level: 160, state:36> place:76210",260,200,60
"Washington Heights CDP, New York: Summary level: 160, state:36> place:78421",714,553,161
"Verplanck CDP, New York: Summary level: 160, state:36> place:77211",467,290,177
"Phoenicia CDP, New York: Summary level: 160, state:36> place:57650",183,111,72
"Athens village, New York: Summary level: 160, state:36> place:02902",644,433,211
"Accord CDP, New York: Summary level: 160, state:36> place:00155",182,103,79
"Napanoch CDP, New York: Summary level: 160, state:36> place:49418",464,366,98
"Head of the Harbor village, New York: Summary level: 160, state:36> place:32963",479,436,43
"Saratoga Springs city, New York: Summary level: 160, state:36> place:65255",12393,6993,5400
"Owego village, New York: Summary level: 160, state:36> place:55882",1703,895,808
"Fort Ann village, New York: Summary level: 160, state:36> place:26704",140,103,37
"Lake Success village, New York: Summary level: 160, state:36> place:40937",766,747,19
"Pottersville CDP, New York: Summary level: 160, state:36> place:59619",148,108,40
"Prattsburgh CDP, New York: Summary level: 160, state:36> place:59708",304,241,63
"Prattsville CDP, New York: Summary level: 160, state:36> place:59740",92,70,22
"Pultneyville CDP, New York: Summary level: 160, state:36> place:59993",257,250,7
"Retsof CDP, New York: Summary level: 160, state:36> place:61236",60,60,0
"Rhinecliff CDP, New York: Summary level: 160, state:36> place:61368",132,106,26
"Rodman CDP, New York: Summary level: 160, state:36> place:63330",71,68,3
"Romulus CDP, New York: Summary level: 160, state:36> place:63429",148,110,38
"Rosendale Hamlet CDP, New York: Summary level: 160, state:36> place:63742",506,360,146
"St. Regis Falls CDP, New York: Summary level: 160, state:36> place:64716",176,134,42
"Salisbury Mills CDP, New York: Summary level: 160, state:36> place:64859",73,55,18
"Salt Point CDP, New York: Summary level: 160, state:36> place:64892",55,55,0
"Sanborn CDP, New York: Summary level: 160, state:36> place:64958",549,371,178
"Savannah CDP, New York: Summary level: 160, state:36> place:65332",195,144,51
"Schroon Lake CDP, New York: Summary level: 160, state:36> place:65640",304,211,93
"Scio CDP, New York: Summary level: 160, state:36> place:65761",255,224,31
"Rushford CDP, New York: Summary level: 160, state:36> place:64155",177,121,56
"Scottsburg CDP, New York: Summary level: 160, state:36> place:65926",33,33,0
"Smithville Flats CDP, New York: Summary level: 160, state:36> place:68088",152,121,31
"South Lima CDP, New York: Summary level: 160, state:36> place:69364",104,96,8
"Sparkill CDP, New York: Summary level: 160, state:36> place:70068",560,527,33
"Springwater Hamlet CDP, New York: Summary level: 160, state:36> place:70477",156,118,38
"Stony Brook University CDP, New York: Summary level: 160, state:36> place:71620",17,15,2
"Strykersville CDP, New York: Summary level: 160, state:36> place:71817",282,228,54
"Sunset Bay CDP, New York: Summary level: 160, state:36> place:72246",254,195,59
"SUNY Oswego CDP, New York: Summary level: 160, state:36> place:72327",7,0,7
"Thousand Island Park CDP, New York: Summary level: 160, state:36> place:73726",39,39,0
"Three Mile Bay CDP, New York: Summary level: 160, state:36> place:73737",100,87,13
"Titusville CDP, New York: Summary level: 160, state:36> place:74017",269,245,24
"Tuscarora CDP, New York: Summary level: 160, state:36> place:75726",27,27,0
"University at Buffalo CDP, New York: Summary level: 160, state:36> place:76280",95,0,95
"Verona CDP, New York: Summary level: 160, state:36> place:77167",351,288,63
"Wadsworth CDP, New York: Summary level: 160, state:36> place:77783",123,97,26
"Wanakah CDP, New York: Summary level: 160, state:36> place:78124",1275,1178,97
"Washington Mills CDP, New York: Summary level: 160, state:36> place:78454",725,389,336
"Websters Crossing CDP, New York: Summary level: 160, state:36> place:78982",14,14,0
"West Chazy CDP, New York: Summary level: 160, state:36> place:79543",233,133,100
"Westmoreland CDP, New York: Summary level: 160, state:36> place:80522",318,173,145
"Bliss CDP, New York: Summary level: 160, state:36> place:06904",210,195,15
"Port Gibson CDP, New York: Summary level: 160, state:36> place:59322",162,142,20
"Busti CDP, New York: Summary level: 160, state:36> place:11440",99,81,18
"Byersville CDP, New York: Summary level: 160, state:36> place:11550",17,17,0
"Blodgett Mills CDP, New York: Summary level: 160, state:36> place:06937",110,110,0
"Bolton Landing CDP, New York: Summary level: 160, state:36> place:07245",254,145,109
"Breesport CDP, New York: Summary level: 160, state:36> place:08004",222,222,0
"Tuckahoe CDP, New York: Summary level: 160, state:36> place:75572",365,291,74
"Millport village, New York: Summary level: 160, state:36> place:47427",152,122,30
"Richville village, New York: Summary level: 160, state:36> place:61621",109,97,12
"Red Creek village, New York: Summary level: 160, state:36> place:60829",215,128,87
"Wolcott village, New York: Summary level: 160, state:36> place:82678",726,415,311
"Wappingers Falls village, New York: Summary level: 160, state:36> place:78168",2098,743,1355
"Alexander village, New York: Summary level: 160, state:36> place:01154",236,127,109
"West Sayville CDP, New York: Summary level: 160, state:36> place:80885",1604,1386,218
"Wheatley Heights CDP, New York: Summary level: 160, state:36> place:81419",1300,1160,140
"Chappaqua CDP, New York: Summary level: 160, state:36> place:13805",523,471,52
"Frankfort village, New York: Summary level: 160, state:36> place:27188",940,654,286
"Ilion village, New York: Summary level: 160, state:36> place:37275",3094,2000,1094
"Kensington village, New York: Summary level: 160, state:36> place:39309",421,391,30
"Niagara Falls city, New York: Summary level: 160, state:36> place:51055",21474,12343,9131
"North Tonawanda city, New York: Summary level: 160, state:36> place:53682",13645,9420,4225
"Ransomville CDP, New York: Summary level: 160, state:36> place:60598",562,456,106
"Hewlett Bay Park village, New York: Summary level: 160, state:36> place:34297",133,132,1
"Hewlett Harbor village, New York: Summary level: 160, state:36> place:34308",378,375,3
"Lake Placid village, New York: Summary level: 160, state:36> place:40761",940,271,669
"Canandaigua city, New York: Summary level: 160, state:36> place:12144",4792,2735,2057
"Manchester village, New York: Summary level: 160, state:36> place:44853",742,557,185
"Cato village, New York: Summary level: 160, state:36> place:12958",233,153,80
"Moravia village, New York: Summary level: 160, state:36> place:48296",572,377,195
"East Williston village, New York: Summary level: 160, state:36> place:23217",801,790,11
"Flower Hill village, New York: Summary level: 160, state:36> place:26352",1571,1414,157
"Chaumont village, New York: Summary level: 160, state:36> place:14036",267,186,81
"Fort Drum CDP, New York: Summary level: 160, state:36> place:26759",3248,28,3220
"Mannsville village, New York: Summary level: 160, state:36> place:45073",122,93,29
"Nelliston village, New York: Summary level: 160, state:36> place:49748",218,149,69
"Firthcliffe CDP, New York: Summary level: 160, state:36> place:25857",2012,1112,900
"Seaford CDP, New York: Summary level: 160, state:36> place:66058",5083,4500,583
"Wyoming village, New York: Summary level: 160, state:36> place:83371",153,117,36
"Brewster Hill CDP, New York: Summary level: 160, state:36> place:08092",738,677,61
"Hammond village, New York: Summary level: 160, state:36> place:31830",107,69,38
"Harrisville village, New York: Summary level: 160, state:36> place:32424",232,166,66
"Clinton village, New York: Summary level: 160, state:36> place:16419",727,501,226
"Alden village, New York: Summary level: 160, state:36> place:01088",1173,810,363
"Sodus Point village, New York: Summary level: 160, state:36> place:68242",462,367,95
"Hillside Lake CDP, New York: Summary level: 160, state:36> place:34803",339,298,41
"Churchville village, New York: Summary level: 160, state:36> place:15638",911,696,215
"West Nyack CDP, New York: Summary level: 160, state:36> place:80599",1470,1374,96
"Cold Brook village, New York: Summary level: 160, state:36> place:16815",117,90,27
"Chatham village, New York: Summary level: 160, state:36> place:14003",713,397,316
"Spencerport village, New York: Summary level: 160, state:36> place:70189",1438,1074,364
"Sayville CDP, New York: Summary level: 160, state:36> place:65409",5547,4214,1333
"Wading River CDP, New York: Summary level: 160, state:36> place:77772",2642,2401,241
"Argyle village, New York: Summary level: 160, state:36> place:02550",206,121,85
"Northampton CDP, New York: Summary level: 160, state:36> place:51418",203,131,72
"Allegany village, New York: Summary level: 160, state:36> place:01286",742,415,327
"Sag Harbor village, New York: Summary level: 160, state:36> place:64485",993,720,273
"Franklinville village, New York: Summary level: 160, state:36> place:27331",633,414,219
"Hillside CDP, New York: Summary level: 160, state:36> place:34786",342,337,5
"North Collins village, New York: Summary level: 160, state:36> place:51792",478,299,179
"East Atlantic Beach CDP, New York: Summary level: 160, state:36> place:21578",760,615,145
"Malverne Park Oaks CDP, New York: Summary level: 160, state:36> place:44792",151,151,0
"Oceanside CDP, New York: Summary level: 160, state:36> place:54441",10618,9411,1207
"Adams village, New York: Summary level: 160, state:36> place:00199",642,362,280
"Ellisburg village, New York: Summary level: 160, state:36> place:24075",89,60,29
"Philadelphia village, New York: Summary level: 160, state:36> place:57551",486,187,299
"Hobart village, New York: Summary level: 160, state:36> place:34979",169,125,44
"Theresa village, New York: Summary level: 160, state:36> place:73517",278,186,92
"Watertown city, New York: Summary level: 160, state:36> place:78608",11110,4466,6644
"Morris village, New York: Summary level: 160, state:36> place:48483",219,137,82
"Otego village, New York: Summary level: 160, state:36> place:55618",414,265,149
"Castleton-on-Hudson village, New York: Summary level: 160, state:36> place:12870",552,357,195
"Hampton Manor CDP, New York: Summary level: 160, state:36> place:31918",979,718,261
"Poestenkill CDP, New York: Summary level: 160, state:36> place:58794",427,343,84
"Windham CDP, New York: Summary level: 160, state:36> place:82469",133,92,41
"Wilson village, New York: Summary level: 160, state:36> place:82359",506,373,133
"Mariaville Lake CDP, New York: Summary level: 160, state:36> place:45573",134,134,0
"Altona CDP, New York: Summary level: 160, state:36> place:01572",105,71,34
"Parc CDP, New York: Summary level: 160, state:36> place:56291",27,10,17
"Brewster village, New York: Summary level: 160, state:36> place:08070",791,180,611
"Afton village, New York: Summary level: 160, state:36> place:00342",436,287,149
"Smyrna village, New York: Summary level: 160, state:36> place:68099",107,67,40
"Oneida city, New York: Summary level: 160, state:36> place:54837",4436,2610,1826
"Sea Cliff village, New York: Summary level: 160, state:36> place:66047",1909,1366,543
"Valley Stream village, New York: Summary level: 160, state:36> place:76705",12116,9868,2248
"Cazenovia village, New York: Summary level: 160, state:36> place:13145",945,578,367
"Earlville village, New York: Summary level: 160, state:36> place:21523",414,290,124
"Cortland city, New York: Summary level: 160, state:36> place:18388",6537,3225,3312
"Albertson CDP, New York: Summary level: 160, state:36> place:01011",1795,1718,77
"Bath village, New York: Summary level: 160, state:36> place:04759",2728,1333,1395
"South Corning village, New York: Summary level: 160, state:36> place:68847",533,343,190
"Wayland village, New York: Summary level: 160, state:36> place:78850",757,539,218
"Tully village, New York: Summary level: 160, state:36> place:75627",425,207,218
"Marcellus village, New York: Summary level: 160, state:36> place:45480",822,458,364
"Syracuse city, New York: Summary level: 160, state:36> place:73000",55306,21415,33891
"Warsaw village, New York: Summary level: 160, state:36> place:78333",1544,648,896
"Cohocton village, New York: Summary level: 160, state:36> place:16727",309,241,68
"Hammondsport village, New York: Summary level: 160, state:36> place:31852",269,162,107
"Northeast Ithaca CDP, New York: Summary level: 160, state:36> place:51915",1062,542,520
"Schenectady city, New York: Summary level: 160, state:36> place:65508",22694,11304,11390
"Fulton city, New York: Summary level: 160, state:36> place:27815",4662,2681,1981
"Hannibal village, New York: Summary level: 160, state:36> place:32017",206,129,77
"Jeffersonville village, New York: Summary level: 160, state:36> place:38506",150,84,66
"Livingston Manor CDP, New York: Summary level: 160, state:36> place:42928",387,225,162
"Dresden village, New York: Summary level: 160, state:36> place:20896",117,91,26
"Whitehall village, New York: Summary level: 160, state:36> place:81622",904,538,366
"Nesconset CDP, New York: Summary level: 160, state:36> place:49825",4609,4088,521
"New Suffolk CDP, New York: Summary level: 160, state:36> place:50727",117,83,34
"North Amityville CDP, New York: Summary level: 160, state:36> place:51396",4952,3108,1844
"Roslyn village, New York: Summary level: 160, state:36> place:63770",1310,912,398
"Dansville village, New York: Summary level: 160, state:36> place:19664",2036,1257,779
"Nunda village, New York: Summary level: 160, state:36> place:54078",538,302,236
"Leeds CDP, New York: Summary level: 160, state:36> place:41784",96,77,19
"Fairview CDP (Westchester County), New York: Summary level: 160, state:36> place:25120",1092,394,698
"Coxsackie village, New York: Summary level: 160, state:36> place:18718",1038,697,341
"Hunter village, New York: Summary level: 160, state:36> place:36167",305,183,122
"Glasco CDP, New York: Summary level: 160, state:36> place:29014",973,677,296
"Kingston city, New York: Summary level: 160, state:36> place:39727",9361,4356,5005
"Plattekill CDP, New York: Summary level: 160, state:36> place:58541",311,147,164
"Natural Bridge CDP, New York: Summary level: 160, state:36> place:49605",135,112,23
"Laurens village, New York: Summary level: 160, state:36> place:41520",77,46,31
"Ellenville village, New York: Summary level: 160, state:36> place:23965",1592,734,858
"Gardiner CDP, New York: Summary level: 160, state:36> place:28244",307,243,64
"Hurley CDP, New York: Summary level: 160, state:36> place:37132",1398,1211,187
"Shokan CDP, New York: Summary level: 160, state:36> place:67081",453,413,40
"Zena CDP, New York: Summary level: 160, state:36> place:84187",433,404,29
"Averill Park CDP, New York: Summary level: 160, state:36> place:03320",610,477,133
"Rensselaer city, New York: Summary level: 160, state:36> place:61148",4109,1611,2498
"Oxford village, New York: Summary level: 160, state:36> place:55948",680,360,320
"Bayville village, New York: Summary level: 160, state:36> place:05034",2500,2038,462
"Bethpage CDP, New York: Summary level: 160, state:36> place:06387",5911,5382,529
"Carle Place CDP, New York: Summary level: 160, state:36> place:12419",1757,1271,486
"Rifton CDP, New York: Summary level: 160, state:36> place:61797",128,65,63
"Saugerties village, New York: Summary level: 160, state:36> place:65288",1765,921,844
"Walker Valley CDP, New York: Summary level: 160, state:36> place:77948",355,295,60
"Geneva city, New York: Summary level: 160, state:36> place:28640",4545,2255,2290
"Bolivar village, New York: Summary level: 160, state:36> place:07190",435,276,159
"Cuba village, New York: Summary level: 160, state:36> place:19356",582,375,207
"Wellsville village, New York: Summary level: 160, state:36> place:79092",2164,1119,1045
"Green Island village, New York: Summary level: 160, state:36> place:30521",1247,485,762
"Sloan village, New York: Summary level: 160, state:36> place:67686",1640,1052,588
"Aurora village, New York: Summary level: 160, state:36> place:03188",118,87,31
"Cayuga village, New York: Summary level: 160, state:36> place:13068",220,167,53
"Weedsport village, New York: Summary level: 160, state:36> place:79015",769,463,306
"Mooers CDP, New York: Summary level: 160, state:36> place:48241",229,192,37
"Lakeland CDP, New York: Summary level: 160, state:36> place:40607",1094,871,223
"Skaneateles village, New York: Summary level: 160, state:36> place:67510",1089,780,309
"Warrensburg CDP, New York: Summary level: 160, state:36> place:78289",1398,835,563
"Little Falls city, New York: Summary level: 160, state:36> place:42741",1820,1083,737
"Newport village, New York: Summary level: 160, state:36> place:50573",253,160,93
"Copake Lake CDP, New York: Summary level: 160, state:36> place:18124",228,184,44
"Granville village, New York: Summary level: 160, state:36> place:30026",1146,597,549
"Victory village, New York: Summary level: 160, state:36> place:77431",204,150,54
"Bay Shore CDP, New York: Summary level: 160, state:36> place:04935",9081,5776,3305
"Calverton CDP, New York: Summary level: 160, state:36> place:11781",3330,2937,393
"Commack CDP, New York: Summary level: 160, state:36> place:17530",11978,11070,908
"Dering Harbor village, New York: Summary level: 160, state:36> place:20379",0,0,0
"East Hampton village, New York: Summary level: 160, state:36> place:22183",517,409,108
"Islandia village, New York: Summary level: 160, state:36> place:37840",960,871,89
"Lake Grove village, New York: Summary level: 160, state:36> place:40530",3894,3296,598
"Laurel CDP, New York: Summary level: 160, state:36> place:41465",408,378,30
"Middle Island CDP, New York: Summary level: 160, state:36> place:46976",4146,3064,1082
"North Babylon CDP, New York: Summary level: 160, state:36> place:51440",5646,4671,975
"North Bellport CDP, New York: Summary level: 160, state:36> place:51528",3530,2014,1516
"Ocean Beach village, New York: Summary level: 160, state:36> place:54430",14,14,0
"Endicott village, New York: Summary level: 160, state:36> place:24515",5697,2378,3319
"Endwell CDP, New York: Summary level: 160, state:36> place:24526",5207,3809,1398
"Amenia CDP, New York: Summary level: 160, state:36> place:01682",444,272,172
"Brinckerhoff CDP, New York: Summary level: 160, state:36> place:08334",968,783,185
"Dover Plains CDP, New York: Summary level: 160, state:36> place:20841",544,211,333
"Fairview CDP (Dutchess County), New York: Summary level: 160, state:36> place:25109",1759,1248,511
"Millerton village, New York: Summary level: 160, state:36> place:47361",416,216,200
"Staatsburg CDP, New York: Summary level: 160, state:36> place:70552",158,130,28
"Avon village, New York: Summary level: 160, state:36> place:03353",1328,912,416
"Mattituck CDP, New York: Summary level: 160, state:36> place:46140",1940,1705,235
"Melville CDP, New York: Summary level: 160, state:36> place:46514",6681,5786,895
"Liverpool village, New York: Summary level: 160, state:36> place:42884",1098,703,395
"Mattydale CDP, New York: Summary level: 160, state:36> place:46151",2419,1623,796
"Glen Head CDP, New York: Summary level: 160, state:36> place:29245",1712,1487,225
"Great Neck Plaza village, New York: Summary level: 160, state:36> place:30213",3831,2194,1637
"Laurel Hollow village, New York: Summary level: 160, state:36> place:41487",583,548,35
"Long Beach city, New York: Summary level: 160, state:36> place:43335",14366,8123,6243
"Muttontown village, New York: Summary level: 160, state:36> place:49330",1209,1154,55
"North Lynbrook CDP, New York: Summary level: 160, state:36> place:53231",137,137,0
"North Wantagh CDP, New York: Summary level: 160, state:36> place:53792",4112,3856,256
"Old Bethpage CDP, New York: Summary level: 160, state:36> place:54551",1908,1759,149
"Greenlawn CDP, New York: Summary level: 160, state:36> place:30543",4399,3653,746
"Brentwood CDP, New York: Summary level: 160, state:36> place:08026",13677,10115,3562
"Cutchogue CDP, New York: Summary level: 160, state:36> place:19466",1245,1095,150
"Eastport CDP, New York: Summary level: 160, state:36> place:22810",702,580,122
"Napeague CDP, New York: Summary level: 160, state:36> place:49424",53,40,13
"North Patchogue CDP, New York: Summary level: 160, state:36> place:53319",2397,2046,351
"Northport village, New York: Summary level: 160, state:36> place:53396",2999,2335,664
"West Islip CDP, New York: Summary level: 160, state:36> place:80302",8476,8010,466
"Wyandanch CDP, New York: Summary level: 160, state:36> place:83294",2744,1715,1029
"Armonk CDP, New York: Summary level: 160, state:36> place:02649",1458,1252,206
"Crompond CDP, New York: Summary level: 160, state:36> place:19092",787,727,60
"Dobbs Ferry village, New York: Summary level: 160, state:36> place:20698",3671,2217,1454
"Asharoken village, New York: Summary level: 160, state:36> place:02737",173,150,23
"Baiting Hollow CDP, New York: Summary level: 160, state:36> place:04055",657,585,72
"Marathon village, New York: Summary level: 160, state:36> place:45392",339,235,104
"Baldwin Harbor CDP, New York: Summary level: 160, state:36> place:04154",2477,2268,209
"Altamont village, New York: Summary level: 160, state:36> place:01517",690,486,204
"Blasdell village, New York: Summary level: 160, state:36> place:06849",1183,681,502
"Buffalo city, New York: Summary level: 160, state:36> place:11000",110701,45208,65493
"Kenmore village, New York: Summary level: 160, state:36> place:39232",7009,4953,2056
"Valhalla CDP, New York: Summary level: 160, state:36> place:76639",1149,829,320
"Lincolndale CDP, New York: Summary level: 160, state:36> place:42455",548,481,67
"New Rochelle city, New York: Summary level: 160, state:36> place:50617",28073,14501,13572
"Peach Lake CDP, New York: Summary level: 160, state:36> place:56869",622,545,77
"Perry village, New York: Summary level: 160, state:36> place:57243",1404,886,518
"Dryden village, New York: Summary level: 160, state:36> place:20951",861,540,321
"Fonda village, New York: Summary level: 160, state:36> place:26462",284,175,109
"St. Johnsville village, New York: Summary level: 160, state:36> place:64639",708,387,321
"Constantia CDP, New York: Summary level: 160, state:36> place:17893",566,442,124
"Angola on the Lake CDP, New York: Summary level: 160, state:36> place:02220",796,622,174
"Baxter Estates village, New York: Summary level: 160, state:36> place:04803",451,286,165
"Stannards CDP, New York: Summary level: 160, state:36> place:70717",271,218,53
"Williamsville village, New York: Summary level: 160, state:36> place:82084",2431,1543,888
"Bridgewater CDP, New York: Summary level: 160, state:36> place:08169",177,129,48
"Clifton Springs village, New York: Summary level: 160, state:36> place:16375",942,536,406
"Huntington CDP, New York: Summary level: 160, state:36> place:36233",7053,5890,1163
"Huntington Station CDP, New York: Summary level: 160, state:36> place:37044",10017,7355,2662
"Lloyd Harbor village, New York: Summary level: 160, state:36> place:43005",1234,1153,81
"Northville CDP, New York: Summary level: 160, state:36> place:53775",583,533,50
"Northwest Harbor CDP, New York: Summary level: 160, state:36> place:53852",1654,1545,109
"Old Field village, New York: Summary level: 160, state:36> place:54617",301,278,23
"Setauket-East Setauket CDP, New York: Summary level: 160, state:36> place:66481",4865,4445,420
"Wainscott CDP, New York: Summary level: 160, state:36> place:77805",132,110,22
"Cattaraugus village, New York: Summary level: 160, state:36> place:13024",418,288,130
"South Dayton village, New York: Summary level: 160, state:36> place:68891",277,207,70
"West Carthage village, New York: Summary level: 160, state:36> place:79499",718,250,468
"Speculator village, New York: Summary level: 160, state:36> place:70123",72,61,11
"Fleischmanns village, New York: Summary level: 160, state:36> place:26209",98,63,35
"Ballston Spa village, New York: Summary level: 160, state:36> place:04253",2272,1316,956
"Milton CDP (Saratoga County), New York: Summary level: 160, state:36> place:47548",1268,1139,129
"Hewlett Neck village, New York: Summary level: 160, state:36> place:34319",143,141,2
"Jericho CDP, New York: Summary level: 160, state:36> place:38539",4682,3928,754
"Lawrence village, New York: Summary level: 160, state:36> place:41553",2162,1866,296
"Manorhaven village, New York: Summary level: 160, state:36> place:45106",2457,874,1583
"Merrick CDP, New York: Summary level: 160, state:36> place:46668",6906,6536,370
"Mineola village, New York: Summary level: 160, state:36> place:47636",7456,4859,2597
"New Cassel CDP, New York: Summary level: 160, state:36> place:50067",3290,2062,1228
"North Hills village, New York: Summary level: 160, state:36> place:53022",2658,2309,349
"Jamestown West CDP, New York: Summary level: 160, state:36> place:38275",1068,882,186
"Sinclairville village, New York: Summary level: 160, state:36> place:67488",279,197,82
"Castorland village, New York: Summary level: 160, state:36> place:12881",119,65,54
"Livonia village, New York: Summary level: 160, state:36> place:42950",527,402,125
"Norwood village, New York: Summary level: 160, state:36> place:54012",711,478,233
"Binghamton city, New York: Summary level: 160, state:36> place:06607",19873,8588,11285
"Whitney Point village, New York: Summary level: 160, state:36> place:81831",390,197,193
"Bergen village, New York: Summary level: 160, state:36> place:06046",426,354,72
"West Hampton Dunes village, New York: Summary level: 160, state:36> place:80186",28,28,0
"Apalachin CDP, New York: Summary level: 160, state:36> place:02308",528,299,229
"Newark Valley village, New York: Summary level: 160, state:36> place:49902",388,267,121
"Cairo CDP, New York: Summary level: 160, state:36> place:11638",439,262,177
"Palenville CDP, New York: Summary level: 160, state:36> place:56132",393,311,82
"Poland village, New York: Summary level: 160, state:36> place:58937",143,101,42
"Crown Heights CDP, New York: Summary level: 160, state:36> place:19229",1053,888,165
"Haviland CDP, New York: Summary level: 160, state:36> place:32776",1351,1189,162
"Pawling village, New York: Summary level: 160, state:36> place:56814",897,512,385
"Red Oaks Mill CDP, New York: Summary level: 160, state:36> place:60983",1236,1185,51
"Hillcrest CDP, New York: Summary level: 160, state:36> place:34693",1792,1474,318
"Mount Ivy CDP, New York: Summary level: 160, state:36> place:48879",2648,1740,908
"Preston-Potter Hollow CDP, New York: Summary level: 160, state:36> place:59831",118,118,0
"Shortsville village, New York: Summary level: 160, state:36> place:67257",517,437,80
"Gorham CDP, New York: Summary level: 160, state:36> place:29520",230,184,46
"Groveland Station CDP, New York: Summary level: 160, state:36> place:31022",93,83,10
"Guilford CDP, New York: Summary level: 160, state:36> place:31137",146,137,9
"Hailesboro CDP, New York: Summary level: 160, state:36> place:31346",291,209,82
"Hadley CDP, New York: Summary level: 160, state:36> place:31258",372,304,68
"Tillson CDP, New York: Summary level: 160, state:36> place:73902",620,567,53
"Saranac Lake village, New York: Summary level: 160, state:36> place:65233",2489,1360,1129
"Albion village, New York: Summary level: 160, state:36> place:01033",2274,1324,950
"Medina village, New York: Summary level: 160, state:36> place:46415",2691,1694,997
"Baywood CDP, New York: Summary level: 160, state:36> place:05039",2187,1803,384
"Brightwaters village, New York: Summary level: 160, state:36> place:08323",1144,1082,62
"Brookhaven CDP, New York: Summary level: 160, state:36> place:09000",1124,877,247
"East Patchogue CDP, New York: Summary level: 160, state:36> place:22733",8248,5278,2970
"Ames village, New York: Summary level: 160, state:36> place:01737",52,47,5
"Fultonville village, New York: Summary level: 160, state:36> place:27859",251,172,79
"Duanesburg CDP, New York: Summary level: 160, state:36> place:20995",127,112,15
"Fair Haven village, New York: Summary level: 160, state:36> place:24988",402,339,63
"Morrisonville CDP, New York: Summary level: 160, state:36> place:48538",577,517,60
"Rouses Point village, New York: Summary level: 160, state:36> place:63979",1009,593,416
"Cohoes city, New York: Summary level: 160, state:36> place:16749",7484,3064,4420
"Plainview CDP, New York: Summary level: 160, state:36> place:58442",8913,8093,820
"Port Washington North village, New York: Summary level: 160, state:36> place:59531",1229,730,499
"Roslyn Harbor village, New York: Summary level: 160, state:36> place:63803",326,314,12
"Searingtown CDP, New York: Summary level: 160, state:36> place:66102",1433,1406,27
"Thomaston village, New York: Summary level: 160, state:36> place:73605",949,803,146
"Clayville village, New York: Summary level: 160, state:36> place:16111",105,74,31
"New Hartford village, New York: Summary level: 160, state:36> place:50298",769,491,278
"Vernon village, New York: Summary level: 160, state:36> place:77112",502,241,261
"Whitesboro village, New York: Summary level: 160, state:36> place:81710",1714,901,813
"Fairmount CDP, New York: Summary level: 160, state:36> place:25043",4134,3226,908
"Village Green CDP, New York: Summary level: 160, state:36> place:77513",1885,1133,752
"Bay Park CDP, New York: Summary level: 160, state:36> place:04891",647,426,221
"McGraw village, New York: Summary level: 160, state:36> place:44193",356,196,160
"Munsons Corners CDP, New York: Summary level: 160, state:36> place:49242",1108,502,606
"Barnum Island CDP, New York: Summary level: 160, state:36> place:04550",922,692,230
"Bellerose village, New York: Summary level: 160, state:36> place:05639",399,382,17
"Bellmore CDP, New York: Summary level: 160, state:36> place:05738",5384,4748,636
"East Rockaway village, New York: Summary level: 160, state:36> place:22876",3761,2910,851
"Garden City Park CDP, New York: Summary level: 160, state:36> place:28189",2502,2170,332
"Harbor Isle CDP, New York: Summary level: 160, state:36> place:32105",395,395,0
"Hicksville CDP, New York: Summary level: 160, state:36> place:34374",13296,11618,1678
"Lattingtown village, New York: Summary level: 160, state:36> place:41432",632,546,86
"Levittown CDP, New York: Summary level: 160, state:36> place:42081",16391,15209,1182
"Locust Valley CDP, New York: Summary level: 160, state:36> place:43192",1246,851,395
"Lynbrook village, New York: Summary level: 160, state:36> place:43874",7168,5255,1913
"Manhasset CDP, New York: Summary level: 160, state:36> place:44897",2744,2094,650
"North Valley Stream CDP, New York: Summary level: 160, state:36> place:53748",5570,4928,642
"Old Brookville village, New York: Summary level: 160, state:36> place:54562",550,499,51
"Oyster Bay CDP, New York: Summary level: 160, state:36> place:55992",2675,1648,1027
"Oswego city, New York: Summary level: 160, state:36> place:55574",7551,3926,3625
"Parish village, New York: Summary level: 160, state:36> place:56341",182,136,46
"Pulaski village, New York: Summary level: 160, state:36> place:59960",933,456,477
"Redwood CDP, New York: Summary level: 160, state:36> place:61016",200,140,60
"Sackets Harbor village, New York: Summary level: 160, state:36> place:64408",816,290,526
"Cheektowaga CDP, New York: Summary level: 160, state:36> place:15000",33144,22965,10179
"Nelsonville village, New York: Summary level: 160, state:36> place:49781",238,193,45
"Rye Brook village, New York: Summary level: 160, state:36> place:64325",3369,2618,751
"Tuckahoe village, New York: Summary level: 160, state:36> place:75583",2741,1332,1409
"Elma Center CDP, New York: Summary level: 160, state:36> place:24141",1203,1094,109
"Middleport village, New York: Summary level: 160, state:36> place:46998",726,443,283
"Avoca village, New York: Summary level: 160, state:36> place:03331",362,260,102
"Montauk CDP, New York: Summary level: 160, state:36> place:48054",1380,1186,194
"Bloomingburg village, New York: Summary level: 160, state:36> place:06959",143,55,88
"Rock Hill CDP, New York: Summary level: 160, state:36> place:63132",535,482,53
"South Fallsburg CDP, New York: Summary level: 160, state:36> place:68968",807,228,579
"Champlain village, New York: Summary level: 160, state:36> place:13739",440,216,224
"Dannemora village, New York: Summary level: 160, state:36> place:19642",324,228,96
"Rushville village, New York: Summary level: 160, state:36> place:64199",268,198,70
"Newfane CDP, New York: Summary level: 160, state:36> place:50221",1526,1317,209
"Olcott CDP, New York: Summary level: 160, state:36> place:54540",491,374,117
"Elmont CDP, New York: Summary level: 160, state:36> place:24273",9804,7776,2028
"Greenport West CDP, New York: Summary level: 160, state:36> place:30581",1025,789,236
"Yorktown Heights CDP, New York: Summary level: 160, state:36> place:84088",616,446,170
"Fort Montgomery CDP, New York: Summary level: 160, state:36> place:26902",604,399,205
"Pine Bush CDP, New York: Summary level: 160, state:36> place:57980",657,347,310
"Walton Park CDP, New York: Summary level: 160, state:36> place:78063",798,777,21
"Salisbury CDP, New York: Summary level: 160, state:36> place:64842",3808,3499,309
"South Farmingdale CDP, New York: Summary level: 160, state:36> place:69001",4895,4541,354
"Bridgeport CDP, New York: Summary level: 160, state:36> place:08147",603,468,135
"North Syracuse village, New York: Summary level: 160, state:36> place:53660",3065,1903,1162
"Arkport village, New York: Summary level: 160, state:36> place:02583",361,262,99
"Savona village, New York: Summary level: 160, state:36> place:65354",332,251,81
"South Hill CDP, New York: Summary level: 160, state:36> place:69199",1161,619,542
"Hagaman village, New York: Summary level: 160, state:36> place:31291",655,573,82
"Morrisville village, New York: Summary level: 160, state:36> place:48593",262,193,69
"Andover village, New York: Summary level: 160, state:36> place:02143",367,243,124
"Norwich city, New York: Summary level: 160, state:36> place:53979",2990,1243,1747
"Lyons CDP, New York: Summary level: 160, state:36> place:43962",1457,976,481
"Gang Mills CDP, New York: Summary level: 160, state:36> place:28145",1763,1027,736
"Oakdale CDP, New York: Summary level: 160, state:36> place:54144",2838,2334,504
"Orient CDP, New York: Summary level: 160, state:36> place:55321",361,313,48
"Quogue village, New York: Summary level: 160, state:36> place:60422",336,260,76
"Ridge CDP, New York: Summary level: 160, state:36> place:61665",5669,4793,876
"Ronkonkoma CDP, New York: Summary level: 160, state:36> place:63473",6059,4784,1275
"Bedford CDP, New York: Summary level: 160, state:36> place:05309",685,667,18
"Spencer village, New York: Summary level: 160, state:36> place:70167",334,211,123
"Catskill village, New York: Summary level: 160, state:36> place:13002",1406,713,693
"Greenville CDP (Greene County), New York: Summary level: 160, state:36> place:30609",274,215,59
"Harrison village, New York: Summary level: 160, state:36> place:32402",8228,5356,2872
"Jefferson Valley-Yorktown CDP, New York: Summary level: 160, state:36> place:38500",5233,4822,411
"Lake Mohegan CDP, New York: Summary level: 160, state:36> place:40689",1954,1473,481
"Milton CDP (Ulster County), New York: Summary level: 160, state:36> place:47554",536,385,151
"Greenwich village, New York: Summary level: 160, state:36> place:30675",753,491,262
"Holley village, New York: Summary level: 160, state:36> place:35155",793,486,307
"Bohemia CDP, New York: Summary level: 160, state:36> place:07157",3383,2514,869
"Medford CDP, New York: Summary level: 160, state:36> place:46404",7956,6854,1102
"Town Line CDP, New York: Summary level: 160, state:36> place:75121",683,654,29
"Cornwall-on-Hudson village, New York: Summary level: 160, state:36> place:18333",1014,706,308
"Woodbury village, New York: Summary level: 160, state:36> place:82750",3267,2888,379
"Sagaponack village, New York: Summary level: 160, state:36> place:64452",107,92,15
"Westport CDP, New York: Summary level: 160, state:36> place:80764",213,137,76
"Ticonderoga CDP, New York: Summary level: 160, state:36> place:73880",1212,869,343
"Schenevus CDP, New York: Summary level: 160, state:36> place:65519",210,131,79
"Fillmore CDP, New York: Summary level: 160, state:36> place:25747",200,145,55
"South Blooming Grove village, New York: Summary level: 160, state:36> place:68610",1123,871,252
"Andes CDP, New York: Summary level: 160, state:36> place:02121",113,89,24
"Bloomville CDP, New York: Summary level: 160, state:36> place:07025",64,40,24
"Lido Beach CDP, New York: Summary level: 160, state:36> place:42279",1203,1088,115
"Matinecock village, New York: Summary level: 160, state:36> place:46107",273,224,49
"Mill Neck village, New York: Summary level: 160, state:36> place:47405",341,316,25
"Munsey Park village, New York: Summary level: 160, state:36> place:49231",790,743,47
"North Merrick CDP, New York: Summary level: 160, state:36> place:53264",3884,3743,141
"East Nassau village, New York: Summary level: 160, state:36> place:22557",216,181,35
"Menands village, New York: Summary level: 160, state:36> place:46536",1659,652,1007
"Ravena village, New York: Summary level: 160, state:36> place:60675",1363,820,543
"Hamburg village, New York: Summary level: 160, state:36> place:31643",4033,2881,1152
"Harris Hill CDP, New York: Summary level: 160, state:36> place:32391",2268,1883,385
"Lake Erie Beach CDP, New York: Summary level: 160, state:36> place:40486",1649,1496,153
"Lancaster village, New York: Summary level: 160, state:36> place:41135",4600,3165,1435
"Cayuga Heights village, New York: Summary level: 160, state:36> place:13079",1561,766,795
