,Population in Househol!!Total,Population in Househol!!In family households,Population in Househol!!In nonfamily households
"Alden village, New York: Summary level: 160, state:36> place:01088",2592,2118,474
"Alexander village, New York: Summary level: 160, state:36> place:01154",568,507,61
"Alexandria Bay village, New York: Summary level: 160, state:36> place:01187",954,626,328
"Alfred village, New York: Summary level: 160, state:36> place:01198",823,324,499
"Allegany village, New York: Summary level: 160, state:36> place:01286",1669,1127,542
"Almond village, New York: Summary level: 160, state:36> place:01440",507,457,50
"Altamont village, New York: Summary level: 160, state:36> place:01517",1497,1227,270
"Altmar village, New York: Summary level: 160, state:36> place:01550",361,308,53
"Altona CDP, New York: Summary level: 160, state:36> place:01572",259,195,64
"Amagansett CDP, New York: Summary level: 160, state:36> place:01594",1025,782,243
"Amenia CDP, New York: Summary level: 160, state:36> place:01682",1260,1110,150
"Ames village, New York: Summary level: 160, state:36> place:01737",190,175,15
"Amityville village, New York: Summary level: 160, state:36> place:02044",8928,7454,1474
"Amsterdam city, New York: Summary level: 160, state:36> place:02066",18144,14209,3935
"Andes CDP, New York: Summary level: 160, state:36> place:02121",216,185,31
"Andover village, New York: Summary level: 160, state:36> place:02143",835,624,211
"Angelica village, New York: Summary level: 160, state:36> place:02176",919,819,100
"Angola village, New York: Summary level: 160, state:36> place:02198",1851,1554,297
"Angola on the Lake CDP, New York: Summary level: 160, state:36> place:02220",1420,1146,274
"Antwerp village, New York: Summary level: 160, state:36> place:02286",556,488,68
"Apalachin CDP, New York: Summary level: 160, state:36> place:02308",1457,1208,249
"Aquebogue CDP, New York: Summary level: 160, state:36> place:02374",2234,2039,195
"Arcade village, New York: Summary level: 160, state:36> place:02407",1961,1551,410
"Ardsley village, New York: Summary level: 160, state:36> place:02506",4451,4068,383
"Argyle village, New York: Summary level: 160, state:36> place:02550",293,217,76
"Arkport village, New York: Summary level: 160, state:36> place:02583",906,793,113
"Arlington CDP, New York: Summary level: 160, state:36> place:02616",3302,2639,663
"Armonk CDP, New York: Summary level: 160, state:36> place:02649",4500,4293,207
"Asharoken village, New York: Summary level: 160, state:36> place:02737",610,560,50
"Athens village, New York: Summary level: 160, state:36> place:02902",1431,1096,335
"Atlantic Beach village, New York: Summary level: 160, state:36> place:02968",1617,1338,279
"Attica village, New York: Summary level: 160, state:36> place:03001",2707,2132,575
"Auburn city, New York: Summary level: 160, state:36> place:03078",25225,19187,6038
"Aurora village, New York: Summary level: 160, state:36> place:03188",335,286,49
"Au Sable Forks CDP, New York: Summary level: 160, state:36> place:03254",423,340,83
"Averill Park CDP, New York: Summary level: 160, state:36> place:03320",1688,1588,100
"Avoca village, New York: Summary level: 160, state:36> place:03331",948,825,123
"Avon village, New York: Summary level: 160, state:36> place:03353",3325,2845,480
"Babylon village, New York: Summary level: 160, state:36> place:03408",12053,10109,1944
"Bainbridge village, New York: Summary level: 160, state:36> place:04033",1313,995,318
"Baiting Hollow CDP, New York: Summary level: 160, state:36> place:04055",1549,1362,187
"Baldwin CDP, New York: Summary level: 160, state:36> place:04143",23700,22102,1598
"Baldwin Harbor CDP, New York: Summary level: 160, state:36> place:04154",7900,7201,699
"Baldwinsville village, New York: Summary level: 160, state:36> place:04198",7232,5947,1285
"Ballston Spa village, New York: Summary level: 160, state:36> place:04253",5071,3421,1650
"Balmville CDP, New York: Summary level: 160, state:36> place:04286",2937,2664,273
"Bardonia CDP, New York: Summary level: 160, state:36> place:04396",4013,3645,368
"Barker village, New York: Summary level: 160, state:36> place:04440",741,681,60
"Barneveld village, New York: Summary level: 160, state:36> place:04528",233,186,47
"Barnum Island CDP, New York: Summary level: 160, state:36> place:04550",2458,2304,154
"Batavia city, New York: Summary level: 160, state:36> place:04715",14580,10963,3617
"Bath village, New York: Summary level: 160, state:36> place:04759",5696,4095,1601
"Baxter Estates village, New York: Summary level: 160, state:36> place:04803",885,722,163
"Bay Park CDP, New York: Summary level: 160, state:36> place:04891",1790,1477,313
"Bayport CDP, New York: Summary level: 160, state:36> place:04913",8503,7488,1015
"Bay Shore CDP, New York: Summary level: 160, state:36> place:04935",28051,24154,3897
"Bayville village, New York: Summary level: 160, state:36> place:05034",6622,5873,749
"Baywood CDP, New York: Summary level: 160, state:36> place:05039",7815,7354,461
"Beacon city, New York: Summary level: 160, state:36> place:05100",13508,10893,2615
"Beaver Dam Lake CDP, New York: Summary level: 160, state:36> place:05188",2380,2115,265
"Bedford CDP, New York: Summary level: 160, state:36> place:05309",2099,1920,179
"Bedford Hills CDP, New York: Summary level: 160, state:36> place:05342",2920,2594,326
"Belfast CDP, New York: Summary level: 160, state:36> place:05562",917,735,182
"Bellerose village, New York: Summary level: 160, state:36> place:05639",1205,1115,90
"Bellerose Terrace CDP, New York: Summary level: 160, state:36> place:05661",1991,1872,119
"Belle Terre village, New York: Summary level: 160, state:36> place:05672",836,787,49
"Belleville CDP, New York: Summary level: 160, state:36> place:05683",317,299,18
"Bellmore CDP, New York: Summary level: 160, state:36> place:05738",16101,14713,1388
"Bellport village, New York: Summary level: 160, state:36> place:05771",2147,1655,492
"Belmont village, New York: Summary level: 160, state:36> place:05815",1048,891,157
"Bemus Point village, New York: Summary level: 160, state:36> place:05848",241,188,53
"Bergen village, New York: Summary level: 160, state:36> place:06046",1311,1099,212
"Bethpage CDP, New York: Summary level: 160, state:36> place:06387",16578,15215,1363
"Big Flats CDP, New York: Summary level: 160, state:36> place:06464",5532,4715,817
"Billington Heights CDP, New York: Summary level: 160, state:36> place:06574",1476,1319,157
"Binghamton city, New York: Summary level: 160, state:36> place:06607",45550,31265,14285
"Binghamton University CDP, New York: Summary level: 160, state:36> place:06644",0,0,0
"Black River village, New York: Summary level: 160, state:36> place:06794",1407,1146,261
"Blasdell village, New York: Summary level: 160, state:36> place:06849",2558,1973,585
"Blauvelt CDP, New York: Summary level: 160, state:36> place:06860",5104,4743,361
"Bliss CDP, New York: Summary level: 160, state:36> place:06904",623,543,80
"Blodgett Mills CDP, New York: Summary level: 160, state:36> place:06937",340,304,36
"Bloomfield village, New York: Summary level: 160, state:36> place:06945",1531,1308,223
"Bloomingburg village, New York: Summary level: 160, state:36> place:06959",545,435,110
"Bloomville CDP, New York: Summary level: 160, state:36> place:07025",207,164,43
"Blue Point CDP, New York: Summary level: 160, state:36> place:07069",4494,4110,384
"Bohemia CDP, New York: Summary level: 160, state:36> place:07157",10460,9490,970
"Bolivar village, New York: Summary level: 160, state:36> place:07190",1060,870,190
"Bolton Landing CDP, New York: Summary level: 160, state:36> place:07245",657,519,138
"Boonville village, New York: Summary level: 160, state:36> place:07355",1845,1303,542
"Brasher Falls CDP, New York: Summary level: 160, state:36> place:07960",691,551,140
"Breesport CDP, New York: Summary level: 160, state:36> place:08004",655,595,60
"Brentwood CDP, New York: Summary level: 160, state:36> place:08026",56299,52673,3626
"Brewerton CDP, New York: Summary level: 160, state:36> place:08059",4373,3659,714
"Brewster village, New York: Summary level: 160, state:36> place:08070",2420,1859,561
"Brewster Hill CDP, New York: Summary level: 160, state:36> place:08092",1581,1374,207
"Briarcliff Manor village, New York: Summary level: 160, state:36> place:08103",7174,6455,719
"Bridgehampton CDP, New York: Summary level: 160, state:36> place:08136",1347,1158,189
"Bridgeport CDP, New York: Summary level: 160, state:36> place:08147",1319,923,396
"Bridgewater village, New York: Summary level: 160, state:36> place:08169",484,420,64
"Brighton CDP, New York: Summary level: 160, state:36> place:08257",33811,24375,9436
"Brightwaters village, New York: Summary level: 160, state:36> place:08323",3097,2786,311
"Brinckerhoff CDP, New York: Summary level: 160, state:36> place:08334",2763,2490,273
"Broadalbin village, New York: Summary level: 160, state:36> place:08422",1596,1378,218
"Brockport village, New York: Summary level: 160, state:36> place:08466",5736,3814,1922
"Brocton village, New York: Summary level: 160, state:36> place:08488",1562,1250,312
"Bronxville village, New York: Summary level: 160, state:36> place:08532",6088,5461,627
"Brookhaven CDP, New York: Summary level: 160, state:36> place:09000",2604,2211,393
"Brookville village, New York: Summary level: 160, state:36> place:10132",2641,2560,81
"Brownville village, New York: Summary level: 160, state:36> place:10231",828,720,108
"Brushton village, New York: Summary level: 160, state:36> place:10286",491,423,68
"Buchanan village, New York: Summary level: 160, state:36> place:10341",2236,1950,286
"Buffalo city, New York: Summary level: 160, state:36> place:11000",250914,183757,67157
"Burdett village, New York: Summary level: 160, state:36> place:11132",305,223,82
"Burke village, New York: Summary level: 160, state:36> place:11154",172,147,25
"Busti CDP, New York: Summary level: 160, state:36> place:11440",435,359,76
"Byersville CDP, New York: Summary level: 160, state:36> place:11550",136,129,7
"Cairo CDP, New York: Summary level: 160, state:36> place:11638",1225,1002,223
"Calcium CDP, New York: Summary level: 160, state:36> place:11671",3292,2875,417
"Caledonia village, New York: Summary level: 160, state:36> place:11704",2168,1713,455
"Callicoon CDP, New York: Summary level: 160, state:36> place:11748",136,83,53
"Calverton CDP, New York: Summary level: 160, state:36> place:11781",6384,5062,1322
"Cambridge village, New York: Summary level: 160, state:36> place:11825",1672,1302,370
"Camden village, New York: Summary level: 160, state:36> place:11847",2299,1873,426
"Camillus village, New York: Summary level: 160, state:36> place:11902",1214,902,312
"Campbell CDP, New York: Summary level: 160, state:36> place:11935",755,675,80
"Canajoharie village, New York: Summary level: 160, state:36> place:12111",2285,1866,419
"Canandaigua city, New York: Summary level: 160, state:36> place:12144",10182,6965,3217
"Canaseraga village, New York: Summary level: 160, state:36> place:12177",676,602,74
"Canastota village, New York: Summary level: 160, state:36> place:12188",4748,3700,1048
"Candor village, New York: Summary level: 160, state:36> place:12210",765,597,168
"Canisteo village, New York: Summary level: 160, state:36> place:12254",2269,1961,308
"Canton village, New York: Summary level: 160, state:36> place:12331",3417,2318,1099
"Cape Vincent village, New York: Summary level: 160, state:36> place:12353",623,454,169
"Carle Place CDP, New York: Summary level: 160, state:36> place:12419",5598,5037,561
"Carmel Hamlet CDP, New York: Summary level: 160, state:36> place:12532",6195,5511,684
"Caroga Lake CDP, New York: Summary level: 160, state:36> place:12584",489,406,83
"Carthage village, New York: Summary level: 160, state:36> place:12683",3697,2960,737
"Cassadaga village, New York: Summary level: 160, state:36> place:12749",694,592,102
"Castile village, New York: Summary level: 160, state:36> place:12771",1063,907,156
"Castleton-on-Hudson village, New York: Summary level: 160, state:36> place:12870",1331,1138,193
"Castorland village, New York: Summary level: 160, state:36> place:12881",269,223,46
"Cato village, New York: Summary level: 160, state:36> place:12958",569,488,81
"Catskill village, New York: Summary level: 160, state:36> place:13002",3854,3254,600
"Cattaraugus village, New York: Summary level: 160, state:36> place:13024",1104,951,153
"Cayuga village, New York: Summary level: 160, state:36> place:13068",526,460,66
"Cayuga Heights village, New York: Summary level: 160, state:36> place:13079",3074,2043,1031
"Cazenovia village, New York: Summary level: 160, state:36> place:13145",2048,1543,505
"Cedarhurst village, New York: Summary level: 160, state:36> place:13233",6592,6038,554
"Celoron village, New York: Summary level: 160, state:36> place:13288",1185,866,319
"Centereach CDP, New York: Summary level: 160, state:36> place:13376",32508,29699,2809
"Center Moriches CDP, New York: Summary level: 160, state:36> place:13420",7858,7058,800
"Centerport CDP, New York: Summary level: 160, state:36> place:13442",5545,5143,402
"Central Bridge CDP, New York: Summary level: 160, state:36> place:13530",313,242,71
"Central Islip CDP, New York: Summary level: 160, state:36> place:13552",36625,33430,3195
"Central Square village, New York: Summary level: 160, state:36> place:13585",2022,1632,390
"Centre Island village, New York: Summary level: 160, state:36> place:13618",385,346,39
"Chadwicks CDP, New York: Summary level: 160, state:36> place:13662",1971,1760,211
"Champlain village, New York: Summary level: 160, state:36> place:13739",978,632,346
"Chappaqua CDP, New York: Summary level: 160, state:36> place:13805",1132,974,158
"Chateaugay village, New York: Summary level: 160, state:36> place:13981",645,515,130
"Chatham village, New York: Summary level: 160, state:36> place:14003",1621,1242,379
"Chaumont village, New York: Summary level: 160, state:36> place:14036",624,521,103
"Chautauqua CDP, New York: Summary level: 160, state:36> place:14058",318,289,29
"Chazy CDP, New York: Summary level: 160, state:36> place:14102",539,522,17
"Cheektowaga CDP, New York: Summary level: 160, state:36> place:15000",73804,57989,15815
"Chenango Bridge CDP, New York: Summary level: 160, state:36> place:15121",2940,2573,367
"Cherry Creek village, New York: Summary level: 160, state:36> place:15187",518,459,59
"Cherry Valley village, New York: Summary level: 160, state:36> place:15242",471,304,167
"Chester village, New York: Summary level: 160, state:36> place:15297",3949,3183,766
"Chestertown CDP, New York: Summary level: 160, state:36> place:15363",883,802,81
"Chestnut Ridge village, New York: Summary level: 160, state:36> place:15400",7730,6850,880
"Chittenango village, New York: Summary level: 160, state:36> place:15561",4971,4118,853
"Churchville village, New York: Summary level: 160, state:36> place:15638",1953,1546,407
"Clarence CDP, New York: Summary level: 160, state:36> place:15814",2458,2021,437
"Clarence Center CDP, New York: Summary level: 160, state:36> place:15836",2125,1950,175
"Clark Mills CDP, New York: Summary level: 160, state:36> place:15902",2016,1453,563
"Clarkson CDP, New York: Summary level: 160, state:36> place:15946",4531,4159,372
"Claverack-Red Mills CDP, New York: Summary level: 160, state:36> place:16050",717,514,203
"Clayton village, New York: Summary level: 160, state:36> place:16089",1942,1516,426
"Clayville village, New York: Summary level: 160, state:36> place:16111",357,254,103
"Cleveland village, New York: Summary level: 160, state:36> place:16188",785,669,116
"Clifton Springs village, New York: Summary level: 160, state:36> place:16375",1877,1364,513
"Clinton village, New York: Summary level: 160, state:36> place:16419",2085,1601,484
"Clintondale CDP, New York: Summary level: 160, state:36> place:16452",1190,827,363
"Clyde village, New York: Summary level: 160, state:36> place:16573",1974,1701,273
"Cobleskill village, New York: Summary level: 160, state:36> place:16628",3302,2296,1006
"Cohocton village, New York: Summary level: 160, state:36> place:16727",1078,936,142
"Cohoes city, New York: Summary level: 160, state:36> place:16749",15700,11246,4454
"Cold Brook village, New York: Summary level: 160, state:36> place:16815",320,270,50
"Cold Spring village, New York: Summary level: 160, state:36> place:16936",1755,1249,506
"Cold Spring Harbor CDP, New York: Summary level: 160, state:36> place:16958",4897,4473,424
"Colonie village, New York: Summary level: 160, state:36> place:17332",7826,6339,1487
"Colton CDP, New York: Summary level: 160, state:36> place:17398",403,304,99
"Commack CDP, New York: Summary level: 160, state:36> place:17530",35165,32814,2351
"Conesus Hamlet CDP, New York: Summary level: 160, state:36> place:17620",298,261,37
"Conesus Lake CDP, New York: Summary level: 160, state:36> place:17622",2993,2129,864
"Congers CDP, New York: Summary level: 160, state:36> place:17739",8744,8087,657
"Constableville village, New York: Summary level: 160, state:36> place:17882",267,179,88
"Constantia CDP, New York: Summary level: 160, state:36> place:17893",1028,878,150
"Coopers Plains CDP, New York: Summary level: 160, state:36> place:18036",442,265,177
"Cooperstown village, New York: Summary level: 160, state:36> place:18047",1990,1379,611
"Copake Lake CDP, New York: Summary level: 160, state:36> place:18124",699,668,31
"Copenhagen village, New York: Summary level: 160, state:36> place:18135",608,486,122
"Copiague CDP, New York: Summary level: 160, state:36> place:18146",22101,19638,2463
"Coram CDP, New York: Summary level: 160, state:36> place:18157",39624,33650,5974
"Corfu village, New York: Summary level: 160, state:36> place:18201",749,636,113
"Corinth village, New York: Summary level: 160, state:36> place:18212",2544,2144,400
"Corning city, New York: Summary level: 160, state:36> place:18256",10969,7805,3164
"Cornwall-on-Hudson village, New York: Summary level: 160, state:36> place:18333",2959,2480,479
"Cortland city, New York: Summary level: 160, state:36> place:18388",16025,10851,5174
"Cortland West CDP, New York: Summary level: 160, state:36> place:18443",1344,1243,101
"Country Knolls CDP, New York: Summary level: 160, state:36> place:18542",2128,2081,47
"Cove Neck village, New York: Summary level: 160, state:36> place:18597",216,181,35
"Coxsackie village, New York: Summary level: 160, state:36> place:18718",2779,2273,506
"Cragsmoor CDP, New York: Summary level: 160, state:36> place:18762",480,322,158
"Cranberry Lake CDP, New York: Summary level: 160, state:36> place:18817",197,178,19
"Croghan village, New York: Summary level: 160, state:36> place:19070",574,422,152
"Crompond CDP, New York: Summary level: 160, state:36> place:19092",1941,1806,135
"Croton-on-Hudson village, New York: Summary level: 160, state:36> place:19213",7975,7084,891
"Crown Heights CDP, New York: Summary level: 160, state:36> place:19229",2649,2343,306
"Crugers CDP, New York: Summary level: 160, state:36> place:19290",1565,1012,553
"Crystal Beach CDP, New York: Summary level: 160, state:36> place:19308",528,378,150
"Cuba village, New York: Summary level: 160, state:36> place:19356",1531,1221,310
"Cumberland Head CDP, New York: Summary level: 160, state:36> place:19408",1604,1416,188
"Cumminsville CDP, New York: Summary level: 160, state:36> place:19411",151,89,62
"Cutchogue CDP, New York: Summary level: 160, state:36> place:19466",3195,2790,405
"Cuylerville CDP, New York: Summary level: 160, state:36> place:19510",429,418,11
"Dalton CDP, New York: Summary level: 160, state:36> place:19587",373,333,40
"Dannemora village, New York: Summary level: 160, state:36> place:19642",940,738,202
"Dansville village, New York: Summary level: 160, state:36> place:19664",4611,3655,956
"Davenport Center CDP, New York: Summary level: 160, state:36> place:19774",369,289,80
"Deer Park CDP, New York: Summary level: 160, state:36> place:19972",27427,24424,3003
"Deferiet village, New York: Summary level: 160, state:36> place:19994",263,226,37
"DeKalb Junction CDP, New York: Summary level: 160, state:36> place:20049",360,315,45
"Delanson village, New York: Summary level: 160, state:36> place:20082",371,309,62
"Delevan village, New York: Summary level: 160, state:36> place:20115",1236,1030,206
"Delhi village, New York: Summary level: 160, state:36> place:20126",1845,1155,690
"Depauville CDP, New York: Summary level: 160, state:36> place:20302",944,823,121
"Depew village, New York: Summary level: 160, state:36> place:20313",15226,12217,3009
"Deposit village, New York: Summary level: 160, state:36> place:20346",1868,1549,319
"Dering Harbor village, New York: Summary level: 160, state:36> place:20379",6,4,2
"DeRuyter village, New York: Summary level: 160, state:36> place:20390",515,385,130
"Dexter village, New York: Summary level: 160, state:36> place:20500",1271,1129,142
"Dix Hills CDP, New York: Summary level: 160, state:36> place:20687",26303,24785,1518
"Dobbs Ferry village, New York: Summary level: 160, state:36> place:20698",9871,8338,1533
"Dolgeville village, New York: Summary level: 160, state:36> place:20731",2066,1763,303
"Dover Plains CDP, New York: Summary level: 160, state:36> place:20841",1241,896,345
"Downsville CDP, New York: Summary level: 160, state:36> place:20852",629,546,83
"Dresden village, New York: Summary level: 160, state:36> place:20896",325,267,58
"Dryden village, New York: Summary level: 160, state:36> place:20951",1961,1514,447
"Duane Lake CDP, New York: Summary level: 160, state:36> place:20989",329,264,65
"Duanesburg CDP, New York: Summary level: 160, state:36> place:20995",283,225,58
"Dundee village, New York: Summary level: 160, state:36> place:21050",1714,1327,387
"Dunkirk city, New York: Summary level: 160, state:36> place:21105",12321,9346,2975
"Durhamville CDP, New York: Summary level: 160, state:36> place:21226",631,547,84
"Earlville village, New York: Summary level: 160, state:36> place:21523",957,823,134
"East Atlantic Beach CDP, New York: Summary level: 160, state:36> place:21578",2109,1414,695
"East Aurora village, New York: Summary level: 160, state:36> place:21589",5886,4934,952
"East Avon CDP, New York: Summary level: 160, state:36> place:21600",494,441,53
"Monroe village, New York: Summary level: 160, state:36> place:47988",8427,7907,520
"Monsey CDP, New York: Summary level: 160, state:36> place:48010",17910,17495,415
"Montauk CDP, New York: Summary level: 160, state:36> place:48054",3400,2458,942
"Montebello village, New York: Summary level: 160, state:36> place:48090",4531,4242,289
"Montgomery village, New York: Summary level: 160, state:36> place:48142",4000,3579,421
"Monticello village, New York: Summary level: 160, state:36> place:48175",6437,4886,1551
"Montour Falls village, New York: Summary level: 160, state:36> place:48197",1658,1157,501
"Montrose CDP, New York: Summary level: 160, state:36> place:48208",2661,2351,310
"Mooers CDP, New York: Summary level: 160, state:36> place:48241",266,162,104
"Moravia village, New York: Summary level: 160, state:36> place:48296",1329,1098,231
"Moriches CDP, New York: Summary level: 160, state:36> place:48450",2140,1586,554
"Morris village, New York: Summary level: 160, state:36> place:48483",462,326,136
"Morrisonville CDP, New York: Summary level: 160, state:36> place:48538",1937,1617,320
"Morristown village, New York: Summary level: 160, state:36> place:48571",497,426,71
"Morrisville village, New York: Summary level: 160, state:36> place:48593",722,563,159
"Mountain Lodge Park CDP, New York: Summary level: 160, state:36> place:48750",1512,1307,205
"Mount Ivy CDP, New York: Summary level: 160, state:36> place:48879",6847,5588,1259
"Mount Kisco village, New York: Summary level: 160, state:36> place:48890",10880,8769,2111
"Mount Morris village, New York: Summary level: 160, state:36> place:48945",2709,2181,528
"Mount Sinai CDP, New York: Summary level: 160, state:36> place:49066",11714,10777,937
"Mount Vernon city, New York: Summary level: 160, state:36> place:49121",66908,55245,11663
"Munnsville village, New York: Summary level: 160, state:36> place:49220",449,365,84
"Munsey Park village, New York: Summary level: 160, state:36> place:49231",2683,2637,46
"Munsons Corners CDP, New York: Summary level: 160, state:36> place:49242",2111,1513,598
"Muttontown village, New York: Summary level: 160, state:36> place:49330",3432,3324,108
"Myers Corner CDP, New York: Summary level: 160, state:36> place:49363",6490,6104,386
"Nanuet CDP, New York: Summary level: 160, state:36> place:49407",18037,15777,2260
"Napanoch CDP, New York: Summary level: 160, state:36> place:49418",1314,1188,126
"Napeague CDP, New York: Summary level: 160, state:36> place:49424",164,128,36
"Naples village, New York: Summary level: 160, state:36> place:49429",1107,908,199
"Narrowsburg CDP, New York: Summary level: 160, state:36> place:49473",470,386,84
"Nassau village, New York: Summary level: 160, state:36> place:49506",1099,850,249
"Natural Bridge CDP, New York: Summary level: 160, state:36> place:49605",741,689,52
"Nedrow CDP, New York: Summary level: 160, state:36> place:49726",2237,1933,304
"Nelliston village, New York: Summary level: 160, state:36> place:49748",595,456,139
"Nelsonville village, New York: Summary level: 160, state:36> place:49781",749,686,63
"Nesconset CDP, New York: Summary level: 160, state:36> place:49825",13524,12587,937
"Newark village, New York: Summary level: 160, state:36> place:49891",8806,7179,1627
"Newark Valley village, New York: Summary level: 160, state:36> place:49902",1030,867,163
"New Berlin village, New York: Summary level: 160, state:36> place:49946",1138,908,230
"Newburgh city, New York: Summary level: 160, state:36> place:50034",27571,23271,4300
"New Cassel CDP, New York: Summary level: 160, state:36> place:50067",13908,13301,607
"New City CDP, New York: Summary level: 160, state:36> place:50100",33155,31116,2039
"Newfane CDP, New York: Summary level: 160, state:36> place:50221",3125,2790,335
"Newfield Hamlet CDP, New York: Summary level: 160, state:36> place:50257",619,461,158
"New Hartford village, New York: Summary level: 160, state:36> place:50298",1722,1276,446
"New Hempstead village, New York: Summary level: 160, state:36> place:50353",5190,5084,106
"New Hyde Park village, New York: Summary level: 160, state:36> place:50397",9722,8508,1214
"New Paltz village, New York: Summary level: 160, state:36> place:50551",4283,1354,2929
"Newport village, New York: Summary level: 160, state:36> place:50573",449,342,107
"New Rochelle city, New York: Summary level: 160, state:36> place:50617",74735,63610,11125
"New Square village, New York: Summary level: 160, state:36> place:50705",7127,7127,0
"New Suffolk CDP, New York: Summary level: 160, state:36> place:50727",329,232,97
"New Windsor CDP, New York: Summary level: 160, state:36> place:50837",8810,7484,1326
"New York city, New York: Summary level: 160, state:36> place:51000",8093535,6503461,1590074
"New York Mills village, New York: Summary level: 160, state:36> place:51011",3345,2230,1115
"Niagara Falls city, New York: Summary level: 160, state:36> place:51055",49544,38107,11437
"Nichols village, New York: Summary level: 160, state:36> place:51110",414,363,51
"Niskayuna CDP, New York: Summary level: 160, state:36> place:51262",4910,4467,443
"Nissequogue village, New York: Summary level: 160, state:36> place:51286",1590,1492,98
"Niverville CDP, New York: Summary level: 160, state:36> place:51297",1798,1560,238
"Norfolk CDP, New York: Summary level: 160, state:36> place:51319",1170,845,325
"North Amityville CDP, New York: Summary level: 160, state:36> place:51396",19317,17589,1728
"Northampton CDP, New York: Summary level: 160, state:36> place:51418",497,345,152
"North Babylon CDP, New York: Summary level: 160, state:36> place:51440",17023,15349,1674
"North Ballston Spa CDP, New York: Summary level: 160, state:36> place:51467",1433,1279,154
"North Bay Shore CDP, New York: Summary level: 160, state:36> place:51495",20044,19132,912
"North Bellmore CDP, New York: Summary level: 160, state:36> place:51517",20077,18542,1535
"North Bellport CDP, New York: Summary level: 160, state:36> place:51528",11323,10546,777
"North Boston CDP, New York: Summary level: 160, state:36> place:51583",2476,1990,486
"North Collins village, New York: Summary level: 160, state:36> place:51792",1290,1152,138
"North Creek CDP, New York: Summary level: 160, state:36> place:51847",340,246,94
"Northeast Ithaca CDP, New York: Summary level: 160, state:36> place:51915",2984,2317,667
"North Gates CDP, New York: Summary level: 160, state:36> place:52040",9825,7648,2177
"North Great River CDP, New York: Summary level: 160, state:36> place:52078",4081,3874,207
"North Haven village, New York: Summary level: 160, state:36> place:52188",967,822,145
"North Hills village, New York: Summary level: 160, state:36> place:53022",5066,4148,918
"North Hornell village, New York: Summary level: 160, state:36> place:53055",748,586,162
"North Lindenhurst CDP, New York: Summary level: 160, state:36> place:53198",11782,10815,967
"North Lynbrook CDP, New York: Summary level: 160, state:36> place:53231",628,542,86
"North Massapequa CDP, New York: Summary level: 160, state:36> place:53253",18635,17180,1455
"North Merrick CDP, New York: Summary level: 160, state:36> place:53264",11800,11046,754
"North New Hyde Park CDP, New York: Summary level: 160, state:36> place:53275",14570,13784,786
"North Patchogue CDP, New York: Summary level: 160, state:36> place:53319",6999,6413,586
"Northport village, New York: Summary level: 160, state:36> place:53396",7362,6353,1009
"North Rose CDP, New York: Summary level: 160, state:36> place:53462",635,599,36
"North Sea CDP, New York: Summary level: 160, state:36> place:53561",4375,3736,639
"North Syracuse village, New York: Summary level: 160, state:36> place:53660",6723,4779,1944
"North Tonawanda city, New York: Summary level: 160, state:36> place:53682",31225,24199,7026
"North Valley Stream CDP, New York: Summary level: 160, state:36> place:53748",16723,15647,1076
"Northville village, New York: Summary level: 160, state:36> place:53770",893,738,155
"Northville CDP, New York: Summary level: 160, state:36> place:53775",1639,1514,125
"North Wantagh CDP, New York: Summary level: 160, state:36> place:53792",11727,10615,1112
"Northwest Harbor CDP, New York: Summary level: 160, state:36> place:53852",3920,3156,764
"Northwest Ithaca CDP, New York: Summary level: 160, state:36> place:53853",974,604,370
"Norwich city, New York: Summary level: 160, state:36> place:53979",6840,5228,1612
"Norwood village, New York: Summary level: 160, state:36> place:54012",1565,1251,314
"Noyack CDP, New York: Summary level: 160, state:36> place:54056",3673,2903,770
"Nunda village, New York: Summary level: 160, state:36> place:54078",1462,1233,229
"Nyack village, New York: Summary level: 160, state:36> place:54100",6971,4778,2193
"Oak Beach-Captree CDP, New York: Summary level: 160, state:36> place:54112",603,508,95
"Oakdale CDP, New York: Summary level: 160, state:36> place:54144",7156,6164,992
"Oakfield village, New York: Summary level: 160, state:36> place:54155",1864,1589,275
"Ocean Beach village, New York: Summary level: 160, state:36> place:54430",81,59,22
"Oceanside CDP, New York: Summary level: 160, state:36> place:54441",29939,27249,2690
"Odessa village, New York: Summary level: 160, state:36> place:54452",599,440,159
"Ogdensburg city, New York: Summary level: 160, state:36> place:54485",9405,7347,2058
"Olcott CDP, New York: Summary level: 160, state:36> place:54540",1219,1058,161
"Old Bethpage CDP, New York: Summary level: 160, state:36> place:54551",5396,4979,417
"Old Brookville village, New York: Summary level: 160, state:36> place:54562",2661,2546,115
"Old Field village, New York: Summary level: 160, state:36> place:54617",887,830,57
"Old Forge CDP, New York: Summary level: 160, state:36> place:54639",559,386,173
"Old Westbury village, New York: Summary level: 160, state:36> place:54705",2895,2783,112
"Olean city, New York: Summary level: 160, state:36> place:54716",14032,10565,3467
"Oneida city, New York: Summary level: 160, state:36> place:54837",10985,8854,2131
"Oneida Castle village, New York: Summary level: 160, state:36> place:54848",725,601,124
"Oneonta city, New York: Summary level: 160, state:36> place:54881",9757,5580,4177
"Ontario CDP, New York: Summary level: 160, state:36> place:55002",2168,1682,486
"Orangeburg CDP, New York: Summary level: 160, state:36> place:55167",3546,2920,626
"Orange Lake CDP, New York: Summary level: 160, state:36> place:55189",7243,6577,666
"Orchard Park village, New York: Summary level: 160, state:36> place:55266",3224,2671,553
"Orient CDP, New York: Summary level: 160, state:36> place:55321",698,530,168
"Oriskany village, New York: Summary level: 160, state:36> place:55365",1245,1037,208
"Oriskany Falls village, New York: Summary level: 160, state:36> place:55376",802,684,118
"Ossining village, New York: Summary level: 160, state:36> place:55530",23063,19907,3156
"Oswego city, New York: Summary level: 160, state:36> place:55574",17222,12196,5026
"Otego village, New York: Summary level: 160, state:36> place:55618",1192,1068,124
"Otisville village, New York: Summary level: 160, state:36> place:55673",1173,1033,140
"Eastchester CDP, New York: Summary level: 160, state:36> place:21809",19654,16687,2967
"East Farmingdale CDP, New York: Summary level: 160, state:36> place:21985",5990,5283,707
"East Garden City CDP, New York: Summary level: 160, state:36> place:22065",2255,1540,715
"East Glenville CDP, New York: Summary level: 160, state:36> place:22084",6533,5463,1070
"East Greenbush CDP, New York: Summary level: 160, state:36> place:22106",4413,3535,878
"East Hampton village, New York: Summary level: 160, state:36> place:22183",1127,862,265
"East Hampton North CDP, New York: Summary level: 160, state:36> place:22200",4151,3377,774
"East Hills village, New York: Summary level: 160, state:36> place:22260",6974,6752,222
"East Islip CDP, New York: Summary level: 160, state:36> place:22315",13601,12475,1126
"East Ithaca CDP, New York: Summary level: 160, state:36> place:22326",2341,1353,988
"East Kingston CDP, New York: Summary level: 160, state:36> place:22370",234,208,26
"East Marion CDP, New York: Summary level: 160, state:36> place:22447",1012,768,244
"East Massapequa CDP, New York: Summary level: 160, state:36> place:22480",19047,17080,1967
"East Meadow CDP, New York: Summary level: 160, state:36> place:22502",35694,32498,3196
"East Moriches CDP, New York: Summary level: 160, state:36> place:22546",4950,4198,752
"East Nassau village, New York: Summary level: 160, state:36> place:22557",565,447,118
"East Northport CDP, New York: Summary level: 160, state:36> place:22612",19755,18074,1681
"East Norwich CDP, New York: Summary level: 160, state:36> place:22623",2663,2499,164
"East Patchogue CDP, New York: Summary level: 160, state:36> place:22733",21962,18705,3257
"Eastport CDP, New York: Summary level: 160, state:36> place:22810",1466,1210,256
"East Quogue CDP, New York: Summary level: 160, state:36> place:22832",4777,4175,602
"East Randolph CDP, New York: Summary level: 160, state:36> place:22843",530,467,63
"East Rochester village, New York: Summary level: 160, state:36> place:22865",6489,5098,1391
"East Rockaway village, New York: Summary level: 160, state:36> place:22876",9728,8586,1142
"East Shoreham CDP, New York: Summary level: 160, state:36> place:22980",6365,5996,369
"East Syracuse village, New York: Summary level: 160, state:36> place:23052",3058,2263,795
"East Williston village, New York: Summary level: 160, state:36> place:23217",2570,2447,123
"Eatons Neck CDP, New York: Summary level: 160, state:36> place:23316",1323,1222,101
"Eden CDP, New York: Summary level: 160, state:36> place:23404",3407,3033,374
"Edmeston CDP, New York: Summary level: 160, state:36> place:23602",778,674,104
"Eggertsville CDP, New York: Summary level: 160, state:36> place:23701",14620,11271,3349
"Elba village, New York: Summary level: 160, state:36> place:23745",689,606,83
"Elbridge village, New York: Summary level: 160, state:36> place:23789",1006,893,113
"Elizabethtown CDP, New York: Summary level: 160, state:36> place:23822",596,371,225
"Ellenville village, New York: Summary level: 160, state:36> place:23965",4068,3547,521
"Ellicottville village, New York: Summary level: 160, state:36> place:24020",259,148,111
"Ellisburg village, New York: Summary level: 160, state:36> place:24075",200,160,40
"Elma Center CDP, New York: Summary level: 160, state:36> place:24141",2656,2146,510
"Elmira city, New York: Summary level: 160, state:36> place:24229",25043,18813,6230
"Elmira Heights village, New York: Summary level: 160, state:36> place:24251",4161,3320,841
"Elmont CDP, New York: Summary level: 160, state:36> place:24273",35949,33865,2084
"Elmsford village, New York: Summary level: 160, state:36> place:24295",4698,3837,861
"Elwood CDP, New York: Summary level: 160, state:36> place:24405",10591,9870,721
"Endicott village, New York: Summary level: 160, state:36> place:24515",12848,9333,3515
"Endwell CDP, New York: Summary level: 160, state:36> place:24526",11122,8701,2421
"Erin CDP, New York: Summary level: 160, state:36> place:24625",367,286,81
"Esperance village, New York: Summary level: 160, state:36> place:24713",408,343,65
"Evans Mills village, New York: Summary level: 160, state:36> place:24823",586,487,99
"Fabius village, New York: Summary level: 160, state:36> place:24867",377,326,51
"Fair Haven village, New York: Summary level: 160, state:36> place:24988",694,491,203
"Fairmount CDP, New York: Summary level: 160, state:36> place:25043",10145,8403,1742
"Fairport village, New York: Summary level: 160, state:36> place:25076",5321,4372,949
"Fairview CDP (Dutchess County), New York: Summary level: 160, state:36> place:25109",4608,3798,810
"Fairview CDP (Westchester County), New York: Summary level: 160, state:36> place:25120",2990,2396,594
"Falconer village, New York: Summary level: 160, state:36> place:25164",2690,2223,467
"Farmingdale village, New York: Summary level: 160, state:36> place:25384",7995,6603,1392
"Farmingville CDP, New York: Summary level: 160, state:36> place:25417",16001,15030,971
"Farnham village, New York: Summary level: 160, state:36> place:25428",335,285,50
"Fayetteville village, New York: Summary level: 160, state:36> place:25527",4367,3154,1213
"Felts Mills CDP, New York: Summary level: 160, state:36> place:25571",181,100,81
"Fillmore CDP, New York: Summary level: 160, state:36> place:25747",643,524,119
"Fire Island CDP, New York: Summary level: 160, state:36> place:25839",352,307,45
"Firthcliffe CDP, New York: Summary level: 160, state:36> place:25857",5123,4373,750
"Fishers Island CDP, New York: Summary level: 160, state:36> place:25923",291,233,58
"Fishers Landing CDP, New York: Summary level: 160, state:36> place:25934",40,10,30
"Fishkill village, New York: Summary level: 160, state:36> place:25967",2248,1687,561
"Flanders CDP, New York: Summary level: 160, state:36> place:26121",4763,4398,365
"Fleischmanns village, New York: Summary level: 160, state:36> place:26209",315,262,53
"Floral Park village, New York: Summary level: 160, state:36> place:26264",15965,14451,1514
"Florida village, New York: Summary level: 160, state:36> place:26319",2834,2341,493
"Flower Hill village, New York: Summary level: 160, state:36> place:26352",4676,4487,189
"Fonda village, New York: Summary level: 160, state:36> place:26462",746,603,143
"Forest Home CDP, New York: Summary level: 160, state:36> place:26561",792,603,189
"Forestville village, New York: Summary level: 160, state:36> place:26649",797,677,120
"Fort Ann village, New York: Summary level: 160, state:36> place:26704",546,497,49
"Fort Covington Hamlet CDP, New York: Summary level: 160, state:36> place:26752",1457,1250,207
"Fort Drum CDP, New York: Summary level: 160, state:36> place:26759",11229,10568,661
"Fort Edward village, New York: Summary level: 160, state:36> place:26770",3331,2753,578
"Fort Johnson village, New York: Summary level: 160, state:36> place:26880",516,420,96
"Fort Montgomery CDP, New York: Summary level: 160, state:36> place:26902",1318,1109,209
"Fort Plain village, New York: Summary level: 160, state:36> place:26924",2206,1890,316
"Fort Salonga CDP, New York: Summary level: 160, state:36> place:26946",9671,8966,705
"Fowlerville CDP, New York: Summary level: 160, state:36> place:27133",432,432,0
"Frankfort village, New York: Summary level: 160, state:36> place:27188",2576,2160,416
"Franklin village, New York: Summary level: 160, state:36> place:27221",354,276,78
"Franklin Square CDP, New York: Summary level: 160, state:36> place:27309",30394,28208,2186
"Franklinville village, New York: Summary level: 160, state:36> place:27331",1821,1450,371
"Fredonia village, New York: Summary level: 160, state:36> place:27419",8510,5531,2979
"Freedom Plains CDP, New York: Summary level: 160, state:36> place:27452",495,408,87
"Freeport village, New York: Summary level: 160, state:36> place:27485",42439,37071,5368
"Freeville village, New York: Summary level: 160, state:36> place:27529",572,474,98
"Frewsburg CDP, New York: Summary level: 160, state:36> place:27672",2074,1701,373
"Friendship CDP, New York: Summary level: 160, state:36> place:27694",1050,901,149
"Fulton city, New York: Summary level: 160, state:36> place:27815",11732,9560,2172
"Fultonville village, New York: Summary level: 160, state:36> place:27859",672,577,95
"Gainesville village, New York: Summary level: 160, state:36> place:27969",250,214,36
"Galeville CDP, New York: Summary level: 160, state:36> place:28035",4546,3232,1314
"Galway village, New York: Summary level: 160, state:36> place:28101",290,242,48
"Gang Mills CDP, New York: Summary level: 160, state:36> place:28145",3974,3217,757
"Garden City village, New York: Summary level: 160, state:36> place:28178",21346,19915,1431
"Garden City Park CDP, New York: Summary level: 160, state:36> place:28189",7662,6893,769
"Garden City South CDP, New York: Summary level: 160, state:36> place:28200",3952,3576,376
"Gardiner CDP, New York: Summary level: 160, state:36> place:28244",625,421,204
"Gardnertown CDP, New York: Summary level: 160, state:36> place:28310",4501,4117,384
"Gasport CDP, New York: Summary level: 160, state:36> place:28431",887,730,157
"Gates CDP, New York: Summary level: 160, state:36> place:28453",5254,4611,643
"Geneseo village, New York: Summary level: 160, state:36> place:28618",4688,2568,2120
"Geneva city, New York: Summary level: 160, state:36> place:28640",10820,7567,3253
"Germantown CDP, New York: Summary level: 160, state:36> place:28761",914,795,119
"Ghent CDP, New York: Summary level: 160, state:36> place:28860",414,358,56
"Gilbertsville village, New York: Summary level: 160, state:36> place:28959",343,285,58
"Gilgo CDP, New York: Summary level: 160, state:36> place:28990",248,217,31
"Glasco CDP, New York: Summary level: 160, state:36> place:29014",2143,1781,362
"Glen Aubrey CDP, New York: Summary level: 160, state:36> place:29058",323,255,68
"Glen Cove city, New York: Summary level: 160, state:36> place:29113",26260,22444,3816
"Glen Head CDP, New York: Summary level: 160, state:36> place:29245",4651,4209,442
"Glen Park village, New York: Summary level: 160, state:36> place:29322",483,421,62
"Glens Falls city, New York: Summary level: 160, state:36> place:29333",14427,10114,4313
"Glens Falls North CDP, New York: Summary level: 160, state:36> place:29338",8687,6981,1706
"Glenwood Landing CDP, New York: Summary level: 160, state:36> place:29421",3799,3547,252
"Gloversville city, New York: Summary level: 160, state:36> place:29443",15253,11839,3414
"Golden's Bridge CDP, New York: Summary level: 160, state:36> place:29476",1478,1253,225
"Gordon Heights CDP, New York: Summary level: 160, state:36> place:29509",3836,3568,268
"Gorham CDP, New York: Summary level: 160, state:36> place:29520",795,744,51
"Goshen village, New York: Summary level: 160, state:36> place:29542",5052,4094,958
"Gouverneur village, New York: Summary level: 160, state:36> place:29597",3871,3398,473
"Gowanda village, New York: Summary level: 160, state:36> place:29630",2258,1672,586
"Grand View-on-Hudson village, New York: Summary level: 160, state:36> place:29872",342,264,78
"Grandyle Village CDP, New York: Summary level: 160, state:36> place:29894",4654,3958,696
"Granville village, New York: Summary level: 160, state:36> place:30026",2297,1813,484
"Great Bend CDP, New York: Summary level: 160, state:36> place:30136",1073,901,172
"Great Neck village, New York: Summary level: 160, state:36> place:30169",10014,8878,1136
"Great Neck Estates village, New York: Summary level: 160, state:36> place:30191",2776,2610,166
"Great Neck Gardens CDP, New York: Summary level: 160, state:36> place:30202",1141,1125,16
"Great Neck Plaza village, New York: Summary level: 160, state:36> place:30213",6551,4806,1745
"Great River CDP, New York: Summary level: 160, state:36> place:30235",1586,1478,108
"Greece CDP, New York: Summary level: 160, state:36> place:30279",14316,11745,2571
"Greene village, New York: Summary level: 160, state:36> place:30411",1715,1375,340
"Green Island village, New York: Summary level: 160, state:36> place:30521",2609,1908,701
"Greenlawn CDP, New York: Summary level: 160, state:36> place:30543",13859,12449,1410
"Greenport village, New York: Summary level: 160, state:36> place:30576",2222,1563,659
"Greenport West CDP, New York: Summary level: 160, state:36> place:30581",1813,1296,517
"Greenvale CDP, New York: Summary level: 160, state:36> place:30598",703,588,115
"Greenville CDP (Greene County), New York: Summary level: 160, state:36> place:30609",723,480,243
"Greenville CDP (Westchester County), New York: Summary level: 160, state:36> place:30642",7053,6665,388
"Greenwich village, New York: Summary level: 160, state:36> place:30675",1918,1577,341
"Greenwood Lake village, New York: Summary level: 160, state:36> place:30752",3139,2494,645
"Greigsville CDP, New York: Summary level: 160, state:36> place:30807",259,259,0
"Groton village, New York: Summary level: 160, state:36> place:30961",2263,1784,479
"Groveland Station CDP, New York: Summary level: 160, state:36> place:31022",267,248,19
"Guilford CDP, New York: Summary level: 160, state:36> place:31137",263,184,79
"Hadley CDP, New York: Summary level: 160, state:36> place:31258",877,631,246
"Hagaman village, New York: Summary level: 160, state:36> place:31291",1178,992,186
"Hailesboro CDP, New York: Summary level: 160, state:36> place:31346",573,436,137
"Halesite CDP, New York: Summary level: 160, state:36> place:31445",2753,2432,321
"Hall CDP, New York: Summary level: 160, state:36> place:31533",213,197,16
"Hamburg village, New York: Summary level: 160, state:36> place:31643",9390,7634,1756
"Hamilton village, New York: Summary level: 160, state:36> place:31709",1757,1131,626
"Hamlin CDP, New York: Summary level: 160, state:36> place:31786",5381,4791,590
"Hammond village, New York: Summary level: 160, state:36> place:31830",340,307,33
"Hammondsport village, New York: Summary level: 160, state:36> place:31852",692,476,216
"Hampton Bays CDP, New York: Summary level: 160, state:36> place:31896",12553,10057,2496
"Hampton Manor CDP, New York: Summary level: 160, state:36> place:31918",1894,1406,488
"Hancock village, New York: Summary level: 160, state:36> place:31940",857,687,170
"Hannawa Falls CDP, New York: Summary level: 160, state:36> place:32006",1049,781,268
"Hannibal village, New York: Summary level: 160, state:36> place:32017",700,577,123
"Harbor Hills CDP, New York: Summary level: 160, state:36> place:32094",531,524,7
"Harbor Isle CDP, New York: Summary level: 160, state:36> place:32105",1485,1417,68
"Harriman village, New York: Summary level: 160, state:36> place:32325",2636,2092,544
"Harris Hill CDP, New York: Summary level: 160, state:36> place:32391",5270,4493,777
"Harrison village, New York: Summary level: 160, state:36> place:32402",24299,21907,2392
"Harrisville village, New York: Summary level: 160, state:36> place:32424",548,465,83
"Hartsdale CDP, New York: Summary level: 160, state:36> place:32523",5219,3902,1317
"Hartwick CDP, New York: Summary level: 160, state:36> place:32578",510,377,133
"Hastings-on-Hudson village, New York: Summary level: 160, state:36> place:32710",7571,6577,994
"Hauppauge CDP, New York: Summary level: 160, state:36> place:32732",21047,19222,1825
"Haverstraw village, New York: Summary level: 160, state:36> place:32754",11497,10003,1494
"Haviland CDP, New York: Summary level: 160, state:36> place:32776",3681,3197,484
"Hawthorne CDP, New York: Summary level: 160, state:36> place:32842",4752,4326,426
"Head of the Harbor village, New York: Summary level: 160, state:36> place:32963",1319,1200,119
"Hemlock CDP, New York: Summary level: 160, state:36> place:33128",451,412,39
"Hempstead village, New York: Summary level: 160, state:36> place:33139",53313,45450,7863
"Henderson CDP, New York: Summary level: 160, state:36> place:34044",201,169,32
"Heritage Hills CDP, New York: Summary level: 160, state:36> place:34118",4092,2867,1225
"Herkimer village, New York: Summary level: 160, state:36> place:34121",7012,5145,1867
"Hermon village, New York: Summary level: 160, state:36> place:34165",342,243,99
"Herricks CDP, New York: Summary level: 160, state:36> place:34198",4339,4105,234
"Herrings village, New York: Summary level: 160, state:36> place:34220",76,69,7
"Heuvelton village, New York: Summary level: 160, state:36> place:34264",691,552,139
"Hewlett CDP, New York: Summary level: 160, state:36> place:34286",6655,6210,445
"Hewlett Bay Park village, New York: Summary level: 160, state:36> place:34297",428,403,25
"Hewlett Harbor village, New York: Summary level: 160, state:36> place:34308",1257,1177,80
"Hewlett Neck village, New York: Summary level: 160, state:36> place:34319",381,364,17
"Hicksville CDP, New York: Summary level: 160, state:36> place:34374",41648,38161,3487
"High Falls CDP, New York: Summary level: 160, state:36> place:34451",717,536,181
"Highland CDP, New York: Summary level: 160, state:36> place:34484",5029,3966,1063
"Highland Falls village, New York: Summary level: 160, state:36> place:34495",3872,3015,857
"Hillburn village, New York: Summary level: 160, state:36> place:34660",880,804,76
"Hillcrest CDP, New York: Summary level: 160, state:36> place:34693",7569,7277,292
"Hillside CDP, New York: Summary level: 160, state:36> place:34786",732,643,89
"Hillside Lake CDP, New York: Summary level: 160, state:36> place:34803",996,895,101
"Hilton village, New York: Summary level: 160, state:36> place:34847",5937,5205,732
"Hobart village, New York: Summary level: 160, state:36> place:34979",478,424,54
"Holbrook CDP, New York: Summary level: 160, state:36> place:35056",27071,24439,2632
"Holland CDP, New York: Summary level: 160, state:36> place:35111",1224,945,279
"Holland Patent village, New York: Summary level: 160, state:36> place:35144",421,371,50
"Holley village, New York: Summary level: 160, state:36> place:35155",1991,1581,410
"Holtsville CDP, New York: Summary level: 160, state:36> place:35254",20033,18269,1764
"Homer village, New York: Summary level: 160, state:36> place:35276",3258,2653,605
"Honeoye CDP, New York: Summary level: 160, state:36> place:35353",495,393,102
"Honeoye Falls village, New York: Summary level: 160, state:36> place:35364",2671,2193,478
"Hoosick Falls village, New York: Summary level: 160, state:36> place:35474",3387,2809,578
"Hopewell Junction CDP, New York: Summary level: 160, state:36> place:35573",528,474,54
"Hornell city, New York: Summary level: 160, state:36> place:35672",8278,6502,1776
"Horseheads village, New York: Summary level: 160, state:36> place:35694",6398,4801,1597
"Horseheads North CDP, New York: Summary level: 160, state:36> place:35710",2805,2328,477
"Hortonville CDP, New York: Summary level: 160, state:36> place:35738",249,244,5
"Houghton CDP, New York: Summary level: 160, state:36> place:35771",750,626,124
"Hudson city, New York: Summary level: 160, state:36> place:35969",6088,4217,1871
"Hudson Falls village, New York: Summary level: 160, state:36> place:35980",7221,5857,1364
"Hunt CDP, New York: Summary level: 160, state:36> place:36156",55,50,5
"Hunter village, New York: Summary level: 160, state:36> place:36167",489,374,115
"Huntington CDP, New York: Summary level: 160, state:36> place:36233",18426,15790,2636
"Huntington Bay village, New York: Summary level: 160, state:36> place:37022",1453,1334,119
"Huntington Station CDP, New York: Summary level: 160, state:36> place:37044",33045,29228,3817
"Hurley CDP, New York: Summary level: 160, state:36> place:37132",3432,3018,414
"Hyde Park CDP, New York: Summary level: 160, state:36> place:37198",2233,1873,360
"Ilion village, New York: Summary level: 160, state:36> place:37275",7871,6330,1541
"Interlaken village, New York: Summary level: 160, state:36> place:37528",601,457,144
"Inwood CDP, New York: Summary level: 160, state:36> place:37583",9786,8919,867
"Irondequoit CDP, New York: Summary level: 160, state:36> place:37737",51068,41275,9793
"Irvington village, New York: Summary level: 160, state:36> place:37803",6423,5750,673
"Islandia village, New York: Summary level: 160, state:36> place:37840",3281,2964,317
"Island Park village, New York: Summary level: 160, state:36> place:37847",4498,3906,592
"Islip CDP, New York: Summary level: 160, state:36> place:37869",18505,16615,1890
"Islip Terrace CDP, New York: Summary level: 160, state:36> place:38022",5185,4751,434
"Ithaca city, New York: Summary level: 160, state:36> place:38077",22421,8403,14018
"Jamesport CDP, New York: Summary level: 160, state:36> place:38253",1498,1294,204
"Jamestown city, New York: Summary level: 160, state:36> place:38264",30139,23456,6683
"Jamestown West CDP, New York: Summary level: 160, state:36> place:38275",1928,1559,369
"Jefferson Heights CDP, New York: Summary level: 160, state:36> place:38451",962,823,139
"Jefferson Valley-Yorktown CDP, New York: Summary level: 160, state:36> place:38500",14546,13188,1358
"Jeffersonville village, New York: Summary level: 160, state:36> place:38506",238,165,73
"Jericho CDP, New York: Summary level: 160, state:36> place:38539",13276,12215,1061
"Johnson City village, New York: Summary level: 160, state:36> place:38748",14583,10736,3847
"Johnstown city, New York: Summary level: 160, state:36> place:38781",8277,6323,1954
"Jordan village, New York: Summary level: 160, state:36> place:38825",1417,1251,166
"Kaser village, New York: Summary level: 160, state:36> place:38934",4837,4791,46
"Katonah CDP, New York: Summary level: 160, state:36> place:38946",1744,1605,139
"Keeseville village, New York: Summary level: 160, state:36> place:39089",1889,1530,359
"Kenmore village, New York: Summary level: 160, state:36> place:39232",15344,11891,3453
"Kennedy CDP, New York: Summary level: 160, state:36> place:39243",514,488,26
"Kensington village, New York: Summary level: 160, state:36> place:39309",1125,1034,91
"Kerhonkson CDP, New York: Summary level: 160, state:36> place:39397",1668,1416,252
"Keuka Park CDP, New York: Summary level: 160, state:36> place:39463",143,123,20
"Kinderhook village, New York: Summary level: 160, state:36> place:39562",1380,1130,250
"Kings Park CDP, New York: Summary level: 160, state:36> place:39672",17257,15494,1763
"Kings Point village, New York: Summary level: 160, state:36> place:39694",4319,4179,140
"Kingston city, New York: Summary level: 160, state:36> place:39727",23008,17760,5248
"Kiryas Joel village, New York: Summary level: 160, state:36> place:39853",20721,20426,295
"Kysorville CDP, New York: Summary level: 160, state:36> place:40175",70,59,11
"Lackawanna city, New York: Summary level: 160, state:36> place:40189",17803,13383,4420
"Lacona village, New York: Summary level: 160, state:36> place:40200",606,495,111
"La Fargeville CDP, New York: Summary level: 160, state:36> place:40233",473,354,119
"Lake Carmel CDP, New York: Summary level: 160, state:36> place:40398",7847,7273,574
"Lake Erie Beach CDP, New York: Summary level: 160, state:36> place:40486",3971,3383,588
"Lake George village, New York: Summary level: 160, state:36> place:40508",875,659,216
"Lake Grove village, New York: Summary level: 160, state:36> place:40530",11152,10271,881
"Lake Katrine CDP, New York: Summary level: 160, state:36> place:40585",1833,1449,384
"Lakeland CDP, New York: Summary level: 160, state:36> place:40607",2907,2428,479
"Lake Luzerne CDP, New York: Summary level: 160, state:36> place:40651",1137,1016,121
"Lake Mohegan CDP, New York: Summary level: 160, state:36> place:40689",5198,4617,581
"Lake Placid village, New York: Summary level: 160, state:36> place:40761",2557,1753,804
"Lake Ronkonkoma CDP, New York: Summary level: 160, state:36> place:40838",19317,17099,2218
"Lake Success village, New York: Summary level: 160, state:36> place:40937",2422,2333,89
"Lakeview CDP, New York: Summary level: 160, state:36> place:41003",5661,5577,84
"Lakeville CDP, New York: Summary level: 160, state:36> place:41036",837,753,84
"Lakewood village, New York: Summary level: 160, state:36> place:41069",2991,2544,447
"Lancaster village, New York: Summary level: 160, state:36> place:41135",10241,8171,2070
"Lansing village, New York: Summary level: 160, state:36> place:41223",3470,2474,996
"Larchmont village, New York: Summary level: 160, state:36> place:41333",5885,5221,664
"Lattingtown village, New York: Summary level: 160, state:36> place:41432",1834,1725,109
"Laurel CDP, New York: Summary level: 160, state:36> place:41465",1218,1035,183
"Laurel Hollow village, New York: Summary level: 160, state:36> place:41487",1672,1586,86
"Laurens village, New York: Summary level: 160, state:36> place:41520",249,205,44
"Lawrence village, New York: Summary level: 160, state:36> place:41553",6499,6112,387
"Leeds CDP, New York: Summary level: 160, state:36> place:41784",432,365,67
"Leicester village, New York: Summary level: 160, state:36> place:41872",485,414,71
"Le Roy village, New York: Summary level: 160, state:36> place:42026",4228,3639,589
"Levittown CDP, New York: Summary level: 160, state:36> place:42081",53188,49980,3208
"Lewiston village, New York: Summary level: 160, state:36> place:42147",2591,1850,741
"Liberty village, New York: Summary level: 160, state:36> place:42224",4163,3102,1061
"Lido Beach CDP, New York: Summary level: 160, state:36> place:42279",2790,2506,284
"Lima village, New York: Summary level: 160, state:36> place:42323",2168,1792,376
"Lime Lake CDP, New York: Summary level: 160, state:36> place:42345",527,401,126
"Limestone CDP, New York: Summary level: 160, state:36> place:42378",304,244,60
"Lincolndale CDP, New York: Summary level: 160, state:36> place:42455",1283,1260,23
"Lincoln Park CDP, New York: Summary level: 160, state:36> place:42488",2459,1935,524
"Lindenhurst village, New York: Summary level: 160, state:36> place:42554",27220,24598,2622
"Linwood CDP, New York: Summary level: 160, state:36> place:42609",73,64,9
"Lisle village, New York: Summary level: 160, state:36> place:42642",286,219,67
"Little Falls city, New York: Summary level: 160, state:36> place:42741",4781,3624,1157
"Little Valley village, New York: Summary level: 160, state:36> place:42829",1155,949,206
"Liverpool village, New York: Summary level: 160, state:36> place:42884",2257,1598,659
"Livingston Manor CDP, New York: Summary level: 160, state:36> place:42928",902,555,347
"Livonia village, New York: Summary level: 160, state:36> place:42950",1421,1111,310
"Livonia Center CDP, New York: Summary level: 160, state:36> place:42972",238,195,43
"Lloyd Harbor village, New York: Summary level: 160, state:36> place:43005",3624,3467,157
"Loch Sheldrake CDP, New York: Summary level: 160, state:36> place:43038",857,754,103
"Lockport city, New York: Summary level: 160, state:36> place:43082",20721,15822,4899
"Locust Valley CDP, New York: Summary level: 160, state:36> place:43192",3232,2762,470
"Lodi village, New York: Summary level: 160, state:36> place:43214",426,369,57
"Long Beach city, New York: Summary level: 160, state:36> place:43335",32173,23172,9001
"Long Lake CDP, New York: Summary level: 160, state:36> place:43401",387,322,65
"Lorenz Park CDP, New York: Summary level: 160, state:36> place:43511",2048,1633,415
"Lorraine CDP, New York: Summary level: 160, state:36> place:43533",196,172,24
"Lowville village, New York: Summary level: 160, state:36> place:43720",3597,2721,876
"Lynbrook village, New York: Summary level: 160, state:36> place:43874",19442,16882,2560
"Lyncourt CDP, New York: Summary level: 160, state:36> place:43885",4328,3549,779
"Lyndonville village, New York: Summary level: 160, state:36> place:43918",905,779,126
"Lyon Mountain CDP, New York: Summary level: 160, state:36> place:43951",368,284,84
"Lyons village, New York: Summary level: 160, state:36> place:43962",3700,2879,821
"Lyons Falls village, New York: Summary level: 160, state:36> place:44006",833,688,145
"Macedon village, New York: Summary level: 160, state:36> place:44149",1522,1319,203
"McGraw village, New York: Summary level: 160, state:36> place:44193",1064,922,142
"Machias CDP, New York: Summary level: 160, state:36> place:44226",682,601,81
"Madison village, New York: Summary level: 160, state:36> place:44424",292,222,70
"Madrid CDP, New York: Summary level: 160, state:36> place:44479",734,599,135
"Mahopac CDP, New York: Summary level: 160, state:36> place:44534",8068,7278,790
"Malden-on-Hudson CDP, New York: Summary level: 160, state:36> place:44677",298,282,16
"Malone village, New York: Summary level: 160, state:36> place:44710",5616,4403,1213
"Malverne village, New York: Summary level: 160, state:36> place:44787",8524,7495,1029
"Malverne Park Oaks CDP, New York: Summary level: 160, state:36> place:44792",434,396,38
"Mamaroneck village, New York: Summary level: 160, state:36> place:44831",18671,15694,2977
"Manchester village, New York: Summary level: 160, state:36> place:44853",1607,1305,302
"Manhasset CDP, New York: Summary level: 160, state:36> place:44897",7920,7320,600
"Manhasset Hills CDP, New York: Summary level: 160, state:36> place:44908",3711,3565,146
"Manlius village, New York: Summary level: 160, state:36> place:45018",4687,3940,747
"Mannsville village, New York: Summary level: 160, state:36> place:45073",357,322,35
"Manorhaven village, New York: Summary level: 160, state:36> place:45106",6575,5626,949
"Manorville CDP, New York: Summary level: 160, state:36> place:45139",14008,12677,1331
"Marathon village, New York: Summary level: 160, state:36> place:45392",1046,851,195
"Marcellus village, New York: Summary level: 160, state:36> place:45480",1618,1318,300
"Margaretville village, New York: Summary level: 160, state:36> place:45557",481,346,135
"Mariaville Lake CDP, New York: Summary level: 160, state:36> place:45573",767,721,46
"Marion CDP, New York: Summary level: 160, state:36> place:45634",1520,1167,353
"Marlboro CDP, New York: Summary level: 160, state:36> place:45700",3370,2832,538
"Massapequa CDP, New York: Summary level: 160, state:36> place:45986",21844,20083,1761
"Massapequa Park village, New York: Summary level: 160, state:36> place:45997",17051,15869,1182
"Massena village, New York: Summary level: 160, state:36> place:46019",10707,8187,2520
"Mastic CDP, New York: Summary level: 160, state:36> place:46074",16837,15198,1639
"Mastic Beach village, New York: Summary level: 160, state:36> place:46085",15525,14185,1340
"Matinecock village, New York: Summary level: 160, state:36> place:46107",845,778,67
"Mattituck CDP, New York: Summary level: 160, state:36> place:46140",4342,3821,521
"Mattydale CDP, New York: Summary level: 160, state:36> place:46151",6838,5380,1458
"Maybrook village, New York: Summary level: 160, state:36> place:46162",3011,2524,487
"Mayfield village, New York: Summary level: 160, state:36> place:46206",744,626,118
"Mayville village, New York: Summary level: 160, state:36> place:46239",1205,930,275
"Mechanicstown CDP, New York: Summary level: 160, state:36> place:46349",6597,5491,1106
"Mechanicville city, New York: Summary level: 160, state:36> place:46360",5207,4074,1133
"Medford CDP, New York: Summary level: 160, state:36> place:46404",24561,21901,2660
"Medina village, New York: Summary level: 160, state:36> place:46415",5782,4633,1149
"Melrose Park CDP, New York: Summary level: 160, state:36> place:46503",2191,1906,285
"Melville CDP, New York: Summary level: 160, state:36> place:46514",19192,17509,1683
"Menands village, New York: Summary level: 160, state:36> place:46536",3919,2812,1107
"Meridian village, New York: Summary level: 160, state:36> place:46646",315,289,26
"Merrick CDP, New York: Summary level: 160, state:36> place:46668",21180,20084,1096
"Merritt Park CDP, New York: Summary level: 160, state:36> place:46750",1181,1048,133
"Mexico village, New York: Summary level: 160, state:36> place:46811",1901,1690,211
"Middleburgh village, New York: Summary level: 160, state:36> place:46866",1670,1350,320
"Middle Island CDP, New York: Summary level: 160, state:36> place:46976",9527,7679,1848
"Middleport village, New York: Summary level: 160, state:36> place:46998",1696,1428,268
"Middletown city, New York: Summary level: 160, state:36> place:47042",27511,23328,4183
"Middleville village, New York: Summary level: 160, state:36> place:47108",556,461,95
"Milford village, New York: Summary level: 160, state:36> place:47229",397,321,76
"Millbrook village, New York: Summary level: 160, state:36> place:47273",1492,1136,356
"Miller Place CDP, New York: Summary level: 160, state:36> place:47306",11627,10813,814
"Millerton village, New York: Summary level: 160, state:36> place:47361",790,588,202
"Mill Neck village, New York: Summary level: 160, state:36> place:47405",922,840,82
"Millport village, New York: Summary level: 160, state:36> place:47427",341,271,70
"Milton CDP (Saratoga County), New York: Summary level: 160, state:36> place:47548",3203,2793,410
"Milton CDP (Ulster County), New York: Summary level: 160, state:36> place:47554",1343,1210,133
"Mineola village, New York: Summary level: 160, state:36> place:47636",18811,16058,2753
"Minetto CDP, New York: Summary level: 160, state:36> place:47680",945,810,135
"Mineville CDP, New York: Summary level: 160, state:36> place:47702",953,833,120
"Minoa village, New York: Summary level: 160, state:36> place:47757",3392,2841,551
"Mohawk village, New York: Summary level: 160, state:36> place:47823",2648,2155,493
"Accord CDP, New York: Summary level: 160, state:36> place:00155",861,843,18
"Adams village, New York: Summary level: 160, state:36> place:00199",1765,1447,318
"Adams Center CDP, New York: Summary level: 160, state:36> place:00232",2281,1949,332
"Addison village, New York: Summary level: 160, state:36> place:00276",1840,1555,285
"Afton village, New York: Summary level: 160, state:36> place:00342",1048,827,221
"Airmont village, New York: Summary level: 160, state:36> place:00408",8405,7731,674
"Akron village, New York: Summary level: 160, state:36> place:00441",2849,2364,485
"Albany city, New York: Summary level: 160, state:36> place:01000",87763,56070,31693
"Albertson CDP, New York: Summary level: 160, state:36> place:01011",5255,4903,352
"Albion village, New York: Summary level: 160, state:36> place:01033",5444,4283,1161
"Theresa village, New York: Summary level: 160, state:36> place:73517",999,824,175
"Thiells CDP, New York: Summary level: 160, state:36> place:73583",5207,5075,132
"Thomaston village, New York: Summary level: 160, state:36> place:73605",2639,2331,308
"Thornwood CDP, New York: Summary level: 160, state:36> place:73715",4077,3735,342
"Thousand Island Park CDP, New York: Summary level: 160, state:36> place:73726",45,29,16
"Three Mile Bay CDP, New York: Summary level: 160, state:36> place:73737",174,160,14
"Ticonderoga CDP, New York: Summary level: 160, state:36> place:73880",3362,2639,723
"Tillson CDP, New York: Summary level: 160, state:36> place:73902",1526,1345,181
"Titusville CDP, New York: Summary level: 160, state:36> place:74017",527,444,83
"Tivoli village, New York: Summary level: 160, state:36> place:74023",983,617,366
"Tonawanda city, New York: Summary level: 160, state:36> place:74166",15046,11676,3370
"Tonawanda CDP, New York: Summary level: 160, state:36> place:74183",57649,45252,12397
"Town Line CDP, New York: Summary level: 160, state:36> place:75121",2799,2490,309
"Tribes Hill CDP, New York: Summary level: 160, state:36> place:75341",1012,738,274
"Troy city, New York: Summary level: 160, state:36> place:75484",45371,31902,13469
"Trumansburg village, New York: Summary level: 160, state:36> place:75506",1783,1405,378
"Tuckahoe CDP, New York: Summary level: 160, state:36> place:75572",1216,1091,125
"Tuckahoe village, New York: Summary level: 160, state:36> place:75583",6491,5249,1242
"Tully village, New York: Summary level: 160, state:36> place:75627",781,548,233
"Tupper Lake village, New York: Summary level: 160, state:36> place:75671",3403,2728,675
"Turin village, New York: Summary level: 160, state:36> place:75682",151,126,25
"Tuscarora CDP, New York: Summary level: 160, state:36> place:75726",18,18,0
"Tuxedo Park village, New York: Summary level: 160, state:36> place:75803",564,507,57
"Unadilla village, New York: Summary level: 160, state:36> place:76001",1065,856,209
"Uniondale CDP, New York: Summary level: 160, state:36> place:76089",23687,21693,1994
"Union Springs village, New York: Summary level: 160, state:36> place:76155",1088,955,133
"Unionville village, New York: Summary level: 160, state:36> place:76210",505,441,64
"University at Buffalo CDP, New York: Summary level: 160, state:36> place:76280",321,178,143
"University Gardens CDP, New York: Summary level: 160, state:36> place:76287",3920,3476,444
"Upper Brookville village, New York: Summary level: 160, state:36> place:76331",1419,1333,86
"Upper Nyack village, New York: Summary level: 160, state:36> place:76386",1963,1718,245
"Utica city, New York: Summary level: 160, state:36> place:76540",58891,46157,12734
"Vails Gate CDP, New York: Summary level: 160, state:36> place:76584",3311,2514,797
"Valatie village, New York: Summary level: 160, state:36> place:76617",1338,1136,202
"Valhalla CDP, New York: Summary level: 160, state:36> place:76639",3155,2814,341
"Valley Cottage CDP, New York: Summary level: 160, state:36> place:76661",9285,7753,1532
"Valley Falls village, New York: Summary level: 160, state:36> place:76672",500,420,80
"Valley Stream village, New York: Summary level: 160, state:36> place:76705",37500,34454,3046
"Van Etten village, New York: Summary level: 160, state:36> place:76881",558,445,113
"Vernon village, New York: Summary level: 160, state:36> place:77112",1005,738,267
"Verona CDP, New York: Summary level: 160, state:36> place:77167",668,615,53
"Verplanck CDP, New York: Summary level: 160, state:36> place:77211",1265,1036,229
"Victor village, New York: Summary level: 160, state:36> place:77376",2697,2342,355
"Victory village, New York: Summary level: 160, state:36> place:77431",539,476,63
"Village Green CDP, New York: Summary level: 160, state:36> place:77513",3858,2912,946
"Village of the Branch village, New York: Summary level: 160, state:36> place:77519",1757,1696,61
"Viola CDP, New York: Summary level: 160, state:36> place:77574",6779,6302,477
"Voorheesville village, New York: Summary level: 160, state:36> place:77684",2799,2439,360
"Waddington village, New York: Summary level: 160, state:36> place:77728",744,554,190
"Wading River CDP, New York: Summary level: 160, state:36> place:77772",7859,7286,573
"Wadsworth CDP, New York: Summary level: 160, state:36> place:77783",164,138,26
"Wainscott CDP, New York: Summary level: 160, state:36> place:77805",644,498,146
"Walden village, New York: Summary level: 160, state:36> place:77849",6899,5896,1003
"Walker Valley CDP, New York: Summary level: 160, state:36> place:77948",729,616,113
"Wallkill CDP, New York: Summary level: 160, state:36> place:78003",2099,1802,297
"Walton village, New York: Summary level: 160, state:36> place:78036",3140,2548,592
"Walton Park CDP, New York: Summary level: 160, state:36> place:78063",2646,2456,190
"Wampsville village, New York: Summary level: 160, state:36> place:78113",492,435,57
"Wanakah CDP, New York: Summary level: 160, state:36> place:78124",3256,2859,397
"Wantagh CDP, New York: Summary level: 160, state:36> place:78146",18610,17505,1105
"Wappingers Falls village, New York: Summary level: 160, state:36> place:78168",5195,4123,1072
"Warrensburg CDP, New York: Summary level: 160, state:36> place:78289",2983,2384,599
"Warsaw village, New York: Summary level: 160, state:36> place:78333",3391,2678,713
"Warwick village, New York: Summary level: 160, state:36> place:78355",6602,5234,1368
"Washington Heights CDP, New York: Summary level: 160, state:36> place:78421",1777,1544,233
"Washington Mills CDP, New York: Summary level: 160, state:36> place:78454",896,527,369
"Washingtonville village, New York: Summary level: 160, state:36> place:78465",5860,5097,763
"Watchtower CDP, New York: Summary level: 160, state:36> place:78487",69,69,0
"Waterford village, New York: Summary level: 160, state:36> place:78520",2145,1684,461
"Waterloo village, New York: Summary level: 160, state:36> place:78553",4840,3558,1282
"Water Mill CDP, New York: Summary level: 160, state:36> place:78575",1823,1565,258
"Watertown city, New York: Summary level: 160, state:36> place:78608",26543,20537,6006
"Waterville village, New York: Summary level: 160, state:36> place:78663",1515,1295,220
"Watervliet city, New York: Summary level: 160, state:36> place:78674",10235,7220,3015
"Watkins Glen village, New York: Summary level: 160, state:36> place:78696",1791,1269,522
"Waverly village, New York: Summary level: 160, state:36> place:78806",4195,3245,950
"Wayland village, New York: Summary level: 160, state:36> place:78850",1509,1173,336
"Webster village, New York: Summary level: 160, state:36> place:78960",5387,4078,1309
"Websters Crossing CDP, New York: Summary level: 160, state:36> place:78982",19,10,9
"Weedsport village, New York: Summary level: 160, state:36> place:79015",1755,1391,364
"Wellsburg village, New York: Summary level: 160, state:36> place:79081",525,421,104
"Wellsville village, New York: Summary level: 160, state:36> place:79092",4477,3631,846
"Wesley Hills village, New York: Summary level: 160, state:36> place:79174",5612,5288,324
"West Babylon CDP, New York: Summary level: 160, state:36> place:79246",42801,38824,3977
"West Bay Shore CDP, New York: Summary level: 160, state:36> place:79301",4577,4147,430
"Westbury village, New York: Summary level: 160, state:36> place:79444",15083,12984,2099
"West Carthage village, New York: Summary level: 160, state:36> place:79499",1833,1548,285
"West Chazy CDP, New York: Summary level: 160, state:36> place:79543",712,689,23
"West Elmira CDP, New York: Summary level: 160, state:36> place:79785",4927,3978,949
"West End CDP, New York: Summary level: 160, state:36> place:79796",1615,1299,316
"Westfield village, New York: Summary level: 160, state:36> place:79939",3379,2639,740
"West Glens Falls CDP, New York: Summary level: 160, state:36> place:80082",7039,5920,1119
"Westhampton CDP, New York: Summary level: 160, state:36> place:80170",2582,2169,413
"Westhampton Beach village, New York: Summary level: 160, state:36> place:80181",2013,1631,382
"West Hampton Dunes village, New York: Summary level: 160, state:36> place:80186",39,31,8
"West Haverstraw village, New York: Summary level: 160, state:36> place:80203",10137,9507,630
"West Hempstead CDP, New York: Summary level: 160, state:36> place:80225",18521,17193,1328
"West Hills CDP, New York: Summary level: 160, state:36> place:80258",5113,4480,633
"West Hurley CDP, New York: Summary level: 160, state:36> place:80291",1910,1501,409
"West Islip CDP, New York: Summary level: 160, state:36> place:80302",27235,25379,1856
"Westmere CDP, New York: Summary level: 160, state:36> place:80423",6883,5205,1678
"Westmoreland CDP, New York: Summary level: 160, state:36> place:80522",272,272,0
"West Nyack CDP, New York: Summary level: 160, state:36> place:80599",3195,2989,206
"Weston Mills CDP, New York: Summary level: 160, state:36> place:80632",1249,947,302
"West Point CDP, New York: Summary level: 160, state:36> place:80747",2531,2468,63
"Westport CDP, New York: Summary level: 160, state:36> place:80764",491,426,65
"West Sand Lake CDP, New York: Summary level: 160, state:36> place:80863",2660,2366,294
"West Sayville CDP, New York: Summary level: 160, state:36> place:80885",4712,4185,527
"West Seneca CDP, New York: Summary level: 160, state:36> place:80907",44254,36864,7390
"Westvale CDP, New York: Summary level: 160, state:36> place:81127",4938,4123,815
"West Valley CDP, New York: Summary level: 160, state:36> place:81138",521,452,69
"West Winfield village, New York: Summary level: 160, state:36> place:81292",753,618,135
"Wheatley Heights CDP, New York: Summary level: 160, state:36> place:81419",5313,4993,320
"Whitehall village, New York: Summary level: 160, state:36> place:81622",2842,2311,531
"White Plains city, New York: Summary level: 160, state:36> place:81677",55729,45342,10387
"Whitesboro village, New York: Summary level: 160, state:36> place:81710",3755,2764,991
"Whitney Point village, New York: Summary level: 160, state:36> place:81831",932,793,139
"Williamson CDP, New York: Summary level: 160, state:36> place:82029",2299,1902,397
"Williamsville village, New York: Summary level: 160, state:36> place:82084",5042,3618,1424
"Williston Park village, New York: Summary level: 160, state:36> place:82117",7268,6466,802
"Willsboro CDP, New York: Summary level: 160, state:36> place:82260",641,510,131
"Wilmington CDP, New York: Summary level: 160, state:36> place:82304",885,710,175
"Wilson village, New York: Summary level: 160, state:36> place:82359",1203,851,352
"Windham CDP, New York: Summary level: 160, state:36> place:82469",470,388,82
"Windsor village, New York: Summary level: 160, state:36> place:82524",889,667,222
"Winthrop CDP, New York: Summary level: 160, state:36> place:82612",267,154,113
"Witherbee CDP, New York: Summary level: 160, state:36> place:82656",450,417,33
"Wolcott village, New York: Summary level: 160, state:36> place:82678",1390,1003,387
"Woodbury CDP, New York: Summary level: 160, state:36> place:82744",7816,6955,861
"Woodbury village, New York: Summary level: 160, state:36> place:82750",10638,9716,922
"Woodmere CDP, New York: Summary level: 160, state:36> place:82942",17041,16117,924
"Woodridge village, New York: Summary level: 160, state:36> place:82953",897,711,186
"Woodsburgh village, New York: Summary level: 160, state:36> place:82986",704,649,55
"Woodstock CDP, New York: Summary level: 160, state:36> place:83041",2212,1626,586
"Woodsville CDP, New York: Summary level: 160, state:36> place:83063",52,36,16
"Worcester CDP, New York: Summary level: 160, state:36> place:83118",1434,1300,134
"Wurtsboro village, New York: Summary level: 160, state:36> place:83272",980,726,254
"Wyandanch CDP, New York: Summary level: 160, state:36> place:83294",10567,9876,691
"Wynantskill CDP, New York: Summary level: 160, state:36> place:83349",3053,2572,481
"Wyoming village, New York: Summary level: 160, state:36> place:83371",373,319,54
"Yaphank CDP, New York: Summary level: 160, state:36> place:83426",4820,4261,559
"Yonkers city, New York: Summary level: 160, state:36> place:84000",194945,165901,29044
"York Hamlet CDP, New York: Summary level: 160, state:36> place:84035",726,635,91
"Yorkshire CDP, New York: Summary level: 160, state:36> place:84044",1009,740,269
"Yorktown Heights CDP, New York: Summary level: 160, state:36> place:84088",2134,2069,65
"Yorkville village, New York: Summary level: 160, state:36> place:84099",2659,2145,514
"Youngstown village, New York: Summary level: 160, state:36> place:84143",2061,1747,314
"Zena CDP, New York: Summary level: 160, state:36> place:84187",1188,1068,120
"Ovid village, New York: Summary level: 160, state:36> place:55816",548,409,139
"Owego village, New York: Summary level: 160, state:36> place:55882",3759,2747,1012
"Oxbow CDP, New York: Summary level: 160, state:36> place:55937",92,72,20
"Oxford village, New York: Summary level: 160, state:36> place:55948",1520,1302,218
"Oyster Bay CDP, New York: Summary level: 160, state:36> place:55992",6051,4803,1248
"Oyster Bay Cove village, New York: Summary level: 160, state:36> place:56011",2285,2161,124
"Painted Post village, New York: Summary level: 160, state:36> place:56088",1726,1343,383
"Palatine Bridge village, New York: Summary level: 160, state:36> place:56110",706,553,153
"Palenville CDP, New York: Summary level: 160, state:36> place:56132",855,662,193
"Palmyra village, New York: Summary level: 160, state:36> place:56187",3480,2847,633
"Pamelia Center CDP, New York: Summary level: 160, state:36> place:56212",236,236,0
"Panama village, New York: Summary level: 160, state:36> place:56231",468,402,66
"Parc CDP, New York: Summary level: 160, state:36> place:56291",4,0,4
"Parish village, New York: Summary level: 160, state:36> place:56341",536,460,76
"Parishville CDP, New York: Summary level: 160, state:36> place:56363",884,692,192
"Patchogue village, New York: Summary level: 160, state:36> place:56660",11831,9641,2190
"Paul Smiths CDP, New York: Summary level: 160, state:36> place:56770",0,0,0
"Pavilion CDP, New York: Summary level: 160, state:36> place:56781",437,354,83
"Pawling village, New York: Summary level: 160, state:36> place:56814",2230,1789,441
"Peach Lake CDP, New York: Summary level: 160, state:36> place:56869",1534,1312,222
"Pearl River CDP, New York: Summary level: 160, state:36> place:56902",15771,13981,1790
"Peconic CDP, New York: Summary level: 160, state:36> place:56968",358,279,79
"Peekskill city, New York: Summary level: 160, state:36> place:56979",23510,18650,4860
"Pelham village, New York: Summary level: 160, state:36> place:57001",6908,6307,601
"Pelham Manor village, New York: Summary level: 160, state:36> place:57023",5501,5215,286
"Penn Yan village, New York: Summary level: 160, state:36> place:57177",4845,3969,876
"Perry village, New York: Summary level: 160, state:36> place:57243",3238,2693,545
"Perrysburg CDP, New York: Summary level: 160, state:36> place:57287",382,331,51
"Peru CDP, New York: Summary level: 160, state:36> place:57364",1274,1177,97
"Phelps village, New York: Summary level: 160, state:36> place:57518",2099,1521,578
"Philadelphia village, New York: Summary level: 160, state:36> place:57551",1220,1069,151
"Philmont village, New York: Summary level: 160, state:36> place:57639",1395,1050,345
"Phoenicia CDP, New York: Summary level: 160, state:36> place:57650",262,169,93
"Phoenix village, New York: Summary level: 160, state:36> place:57661",2536,2180,356
"Piermont village, New York: Summary level: 160, state:36> place:57749",2526,1935,591
"Pierrepont Manor CDP, New York: Summary level: 160, state:36> place:57782",165,137,28
"Piffard CDP, New York: Summary level: 160, state:36> place:57804",161,117,44
"Pike CDP, New York: Summary level: 160, state:36> place:57815",336,300,36
"Pine Bush CDP, New York: Summary level: 160, state:36> place:57980",1812,1366,446
"Pine Hill CDP, New York: Summary level: 160, state:36> place:58057",212,142,70
"Pine Plains CDP, New York: Summary level: 160, state:36> place:58145",1383,1211,172
"Pine Valley CDP, New York: Summary level: 160, state:36> place:58189",846,682,164
"Pittsford village, New York: Summary level: 160, state:36> place:58354",1431,1138,293
"Plainedge CDP, New York: Summary level: 160, state:36> place:58409",9102,8369,733
"Plainview CDP, New York: Summary level: 160, state:36> place:58442",25831,23962,1869
"Plandome village, New York: Summary level: 160, state:36> place:58475",1440,1377,63
"Plandome Heights village, New York: Summary level: 160, state:36> place:58486",995,926,69
"Plandome Manor village, New York: Summary level: 160, state:36> place:58497",877,831,46
"Plattekill CDP, New York: Summary level: 160, state:36> place:58541",1559,1331,228
"Plattsburgh city, New York: Summary level: 160, state:36> place:58574",16455,10488,5967
"Plattsburgh West CDP, New York: Summary level: 160, state:36> place:58601",1524,1248,276
"Pleasant Valley CDP, New York: Summary level: 160, state:36> place:58684",1032,885,147
"Pleasantville village, New York: Summary level: 160, state:36> place:58728",6735,5791,944
"Plessis CDP, New York: Summary level: 160, state:36> place:58739",67,52,15
"Poestenkill CDP, New York: Summary level: 160, state:36> place:58794",1122,996,126
"Point Lookout CDP, New York: Summary level: 160, state:36> place:58849",1250,1147,103
"Poland village, New York: Summary level: 160, state:36> place:58937",443,424,19
"Pomona village, New York: Summary level: 160, state:36> place:58992",3086,2776,310
"Poquott village, New York: Summary level: 160, state:36> place:59157",937,789,148
"Port Byron village, New York: Summary level: 160, state:36> place:59212",1296,1115,181
"Port Chester village, New York: Summary level: 160, state:36> place:59223",28834,24612,4222
"Port Dickinson village, New York: Summary level: 160, state:36> place:59245",1432,1124,308
"Port Ewen CDP, New York: Summary level: 160, state:36> place:59311",3464,2694,770
"Port Gibson CDP, New York: Summary level: 160, state:36> place:59322",444,414,30
"Port Henry village, New York: Summary level: 160, state:36> place:59333",1174,960,214
"Port Jefferson village, New York: Summary level: 160, state:36> place:59355",7402,5746,1656
"Port Jefferson Station CDP, New York: Summary level: 160, state:36> place:59377",8551,7408,1143
"Port Jervis city, New York: Summary level: 160, state:36> place:59388",8690,6938,1752
"Port Leyden village, New York: Summary level: 160, state:36> place:59454",682,583,99
"Portville village, New York: Summary level: 160, state:36> place:59498",1080,905,175
"Port Washington CDP, New York: Summary level: 160, state:36> place:59520",15925,14172,1753
"Port Washington North village, New York: Summary level: 160, state:36> place:59531",3156,2574,582
"Potsdam village, New York: Summary level: 160, state:36> place:59564",4375,2277,2098
"Pottersville CDP, New York: Summary level: 160, state:36> place:59619",327,327,0
"Poughkeepsie city, New York: Summary level: 160, state:36> place:59641",30084,22811,7273
"Prattsburgh CDP, New York: Summary level: 160, state:36> place:59708",755,638,117
"Prattsville CDP, New York: Summary level: 160, state:36> place:59740",256,205,51
"Preston-Potter Hollow CDP, New York: Summary level: 160, state:36> place:59831",321,244,77
"Prospect village, New York: Summary level: 160, state:36> place:59883",218,180,38
"Pulaski village, New York: Summary level: 160, state:36> place:59960",2231,1730,501
"Pultneyville CDP, New York: Summary level: 160, state:36> place:59993",678,640,38
"Putnam Lake CDP, New York: Summary level: 160, state:36> place:60103",4010,3438,572
"Quiogue CDP, New York: Summary level: 160, state:36> place:60408",600,504,96
"Quogue village, New York: Summary level: 160, state:36> place:60422",772,681,91
"Ransomville CDP, New York: Summary level: 160, state:36> place:60598",1411,1230,181
"Rapids CDP, New York: Summary level: 160, state:36> place:60609",1340,1164,176
"Ravena village, New York: Summary level: 160, state:36> place:60675",3245,2620,625
"Randolph CDP, New York: Summary level: 160, state:36> place:60756",1216,996,220
"Red Creek village, New York: Summary level: 160, state:36> place:60829",646,591,55
"Redford CDP, New York: Summary level: 160, state:36> place:60884",461,461,0
"Red Hook village, New York: Summary level: 160, state:36> place:60895",1796,1263,533
"Red Oaks Mill CDP, New York: Summary level: 160, state:36> place:60983",3650,3228,422
"Redwood CDP, New York: Summary level: 160, state:36> place:61016",525,511,14
"Remsen village, New York: Summary level: 160, state:36> place:61115",602,479,123
"Remsenburg-Speonk CDP, New York: Summary level: 160, state:36> place:61142",2252,2031,221
"Rensselaer city, New York: Summary level: 160, state:36> place:61148",9427,6674,2753
"Rensselaer Falls village, New York: Summary level: 160, state:36> place:61159",380,317,63
"Retsof CDP, New York: Summary level: 160, state:36> place:61236",143,117,26
"Rhinebeck village, New York: Summary level: 160, state:36> place:61346",2477,1978,499
"Rhinecliff CDP, New York: Summary level: 160, state:36> place:61368",552,338,214
"Richburg village, New York: Summary level: 160, state:36> place:61434",675,519,156
"Richfield Springs village, New York: Summary level: 160, state:36> place:61489",1099,763,336
"Richmondville village, New York: Summary level: 160, state:36> place:61588",917,769,148
"Richville village, New York: Summary level: 160, state:36> place:61621",405,362,43
"Ridge CDP, New York: Summary level: 160, state:36> place:61665",12729,10524,2205
"Rifton CDP, New York: Summary level: 160, state:36> place:61797",885,688,197
"Ripley CDP, New York: Summary level: 160, state:36> place:61874",796,674,122
"Riverhead CDP, New York: Summary level: 160, state:36> place:61973",12961,10751,2210
"Riverside village, New York: Summary level: 160, state:36> place:62061",535,444,91
"Riverside CDP, New York: Summary level: 160, state:36> place:62066",1990,1318,672
"Rochester city, New York: Summary level: 160, state:36> place:63000",200912,145686,55226
"Rock Hill CDP, New York: Summary level: 160, state:36> place:63132",1642,1435,207
"Rockville Centre village, New York: Summary level: 160, state:36> place:63264",23785,20460,3325
"Rocky Point CDP, New York: Summary level: 160, state:36> place:63319",14023,12751,1272
"Rodman CDP, New York: Summary level: 160, state:36> place:63330",185,181,4
"Rome city, New York: Summary level: 160, state:36> place:63418",30509,23644,6865
"Romulus CDP, New York: Summary level: 160, state:36> place:63429",666,641,25
"Ronkonkoma CDP, New York: Summary level: 160, state:36> place:63473",19584,17622,1962
"Roosevelt CDP, New York: Summary level: 160, state:36> place:63506",16083,14696,1387
"Roscoe CDP, New York: Summary level: 160, state:36> place:63583",706,539,167
"Rosendale Hamlet CDP, New York: Summary level: 160, state:36> place:63742",1721,1189,532
"Roslyn village, New York: Summary level: 160, state:36> place:63770",2513,1895,618
"Roslyn Estates village, New York: Summary level: 160, state:36> place:63792",1236,1185,51
"Roslyn Harbor village, New York: Summary level: 160, state:36> place:63803",1072,1012,60
"Roslyn Heights CDP, New York: Summary level: 160, state:36> place:63814",6887,6485,402
"Rotterdam CDP, New York: Summary level: 160, state:36> place:63924",20685,17328,3357
"Round Lake village, New York: Summary level: 160, state:36> place:63957",485,371,114
"Rouses Point village, New York: Summary level: 160, state:36> place:63979",2292,1854,438
"Rushford CDP, New York: Summary level: 160, state:36> place:64155",308,233,75
"Rushville village, New York: Summary level: 160, state:36> place:64199",664,588,76
"Russell Gardens village, New York: Summary level: 160, state:36> place:64232",821,735,86
"Rye city, New York: Summary level: 160, state:36> place:64309",15714,14050,1664
"Rye Brook village, New York: Summary level: 160, state:36> place:64325",9269,8422,847
"Sackets Harbor village, New York: Summary level: 160, state:36> place:64408",1436,971,465
"Saddle Rock village, New York: Summary level: 160, state:36> place:64430",1059,1000,59
"Saddle Rock Estates CDP, New York: Summary level: 160, state:36> place:64441",416,396,20
"Sagaponack village, New York: Summary level: 160, state:36> place:64452",256,206,50
"Sag Harbor village, New York: Summary level: 160, state:36> place:64485",1938,1541,397
"St. Bonaventure CDP, New York: Summary level: 160, state:36> place:64551",451,377,74
"St. James CDP, New York: Summary level: 160, state:36> place:64584",12496,11230,1266
"St. Johnsville village, New York: Summary level: 160, state:36> place:64639",1389,1154,235
"St. Regis Falls CDP, New York: Summary level: 160, state:36> place:64716",389,291,98
"Salamanca city, New York: Summary level: 160, state:36> place:64749",5613,4272,1341
"Salem village, New York: Summary level: 160, state:36> place:64771",837,649,188
"Salisbury CDP, New York: Summary level: 160, state:36> place:64842",12283,11398,885
"Salisbury Mills CDP, New York: Summary level: 160, state:36> place:64859",267,253,14
"Saltaire village, New York: Summary level: 160, state:36> place:64881",62,47,15
"Salt Point CDP, New York: Summary level: 160, state:36> place:64892",431,424,7
"Sanborn CDP, New York: Summary level: 160, state:36> place:64958",1105,835,270
"Sand Ridge CDP, New York: Summary level: 160, state:36> place:65024",1006,724,282
"Sands Point village, New York: Summary level: 160, state:36> place:65035",2662,2539,123
"Sandy Creek village, New York: Summary level: 160, state:36> place:65068",813,722,91
"Saranac Lake village, New York: Summary level: 160, state:36> place:65233",5885,4303,1582
"Saratoga Springs city, New York: Summary level: 160, state:36> place:65255",24538,17103,7435
"Saugerties village, New York: Summary level: 160, state:36> place:65288",3880,2689,1191
"Saugerties South CDP, New York: Summary level: 160, state:36> place:65310",2217,1928,289
"Savannah CDP, New York: Summary level: 160, state:36> place:65332",470,410,60
"Savona village, New York: Summary level: 160, state:36> place:65354",589,444,145
"Sayville CDP, New York: Summary level: 160, state:36> place:65409",15671,13659,2012
"Scarsdale village, New York: Summary level: 160, state:36> place:65431",17312,16631,681
"Schaghticoke village, New York: Summary level: 160, state:36> place:65475",540,452,88
"Schenectady city, New York: Summary level: 160, state:36> place:65508",62411,47582,14829
"Schenevus CDP, New York: Summary level: 160, state:36> place:65519",373,295,78
"Schoharie village, New York: Summary level: 160, state:36> place:65585",839,582,257
"Schroon Lake CDP, New York: Summary level: 160, state:36> place:65640",740,539,201
"Schuylerville village, New York: Summary level: 160, state:36> place:65750",1637,1251,386
"Scio CDP, New York: Summary level: 160, state:36> place:65761",517,463,54
"Scotchtown CDP, New York: Summary level: 160, state:36> place:65882",9842,8927,915
"Scotia village, New York: Summary level: 160, state:36> place:65893",7687,6534,1153
"Scottsburg CDP, New York: Summary level: 160, state:36> place:65926",121,98,23
"Scotts Corners CDP, New York: Summary level: 160, state:36> place:65948",523,394,129
"Scottsville village, New York: Summary level: 160, state:36> place:65959",2361,2045,316
"Sea Cliff village, New York: Summary level: 160, state:36> place:66047",4931,4059,872
"Seaford CDP, New York: Summary level: 160, state:36> place:66058",15477,14221,1256
"Searingtown CDP, New York: Summary level: 160, state:36> place:66102",4352,4150,202
"Selden CDP, New York: Summary level: 160, state:36> place:66212",20434,18493,1941
"Seneca Falls CDP, New York: Summary level: 160, state:36> place:66322",6601,5165,1436
"Seneca Knolls CDP, New York: Summary level: 160, state:36> place:66366",1973,1513,460
"Setauket-East Setauket CDP, New York: Summary level: 160, state:36> place:66481",15032,13735,1297
"Sharon Springs village, New York: Summary level: 160, state:36> place:66663",432,312,120
"Shelter Island CDP, New York: Summary level: 160, state:36> place:66828",1155,1083,72
"Shelter Island Heights CDP, New York: Summary level: 160, state:36> place:66850",1296,1154,142
"Shenorock CDP, New York: Summary level: 160, state:36> place:66872",1761,1580,181
"Sherburne village, New York: Summary level: 160, state:36> place:66883",1276,1026,250
"Sherman village, New York: Summary level: 160, state:36> place:66949",648,550,98
"Sherrill city, New York: Summary level: 160, state:36> place:66993",3069,2490,579
"Shinnecock Hills CDP, New York: Summary level: 160, state:36> place:67048",2097,1787,310
"Shirley CDP, New York: Summary level: 160, state:36> place:67070",24803,22991,1812
"Shokan CDP, New York: Summary level: 160, state:36> place:67081",994,791,203
"Shoreham village, New York: Summary level: 160, state:36> place:67191",519,494,25
"Shortsville village, New York: Summary level: 160, state:36> place:67257",1338,1162,176
"Shrub Oak CDP, New York: Summary level: 160, state:36> place:67279",2184,1819,365
"Sidney village, New York: Summary level: 160, state:36> place:67334",3861,3012,849
"Silver Creek village, New York: Summary level: 160, state:36> place:67411",2603,2093,510
"Silver Springs village, New York: Summary level: 160, state:36> place:67466",760,563,197
"Sinclairville village, New York: Summary level: 160, state:36> place:67488",528,457,71
"Skaneateles village, New York: Summary level: 160, state:36> place:67510",2482,1935,547
"Sleepy Hollow village, New York: Summary level: 160, state:36> place:67638",9858,8700,1158
"Sloan village, New York: Summary level: 160, state:36> place:67686",3631,2728,903
"Sloatsburg village, New York: Summary level: 160, state:36> place:67708",3060,2747,313
"Smallwood CDP, New York: Summary level: 160, state:36> place:67730",312,226,86
"Smithtown CDP, New York: Summary level: 160, state:36> place:67851",25476,23193,2283
"Smithville Flats CDP, New York: Summary level: 160, state:36> place:68088",497,427,70
"Smyrna village, New York: Summary level: 160, state:36> place:68099",194,162,32
"Sodus village, New York: Summary level: 160, state:36> place:68209",2318,1925,393
"Sodus Point village, New York: Summary level: 160, state:36> place:68242",994,801,193
"Solvay village, New York: Summary level: 160, state:36> place:68286",6526,4939,1587
"Sound Beach CDP, New York: Summary level: 160, state:36> place:68374",7663,6876,787
"Southampton village, New York: Summary level: 160, state:36> place:68462",2947,2403,544
"South Blooming Grove village, New York: Summary level: 160, state:36> place:68610",3227,2819,408
"South Corning village, New York: Summary level: 160, state:36> place:68847",1091,898,193
"South Dayton village, New York: Summary level: 160, state:36> place:68891",762,641,121
"South Fallsburg CDP, New York: Summary level: 160, state:36> place:68968",2763,2313,450
"South Farmingdale CDP, New York: Summary level: 160, state:36> place:69001",14650,13804,846
"South Floral Park village, New York: Summary level: 160, state:36> place:69023",2060,1927,133
"South Glens Falls village, New York: Summary level: 160, state:36> place:69078",3543,2544,999
"South Hempstead CDP, New York: Summary level: 160, state:36> place:69188",3111,2842,269
"South Hill CDP, New York: Summary level: 160, state:36> place:69199",2241,1684,557
"South Huntington CDP, New York: Summary level: 160, state:36> place:69254",9117,8046,1071
"South Lima CDP, New York: Summary level: 160, state:36> place:69364",179,145,34
"South Lockport CDP, New York: Summary level: 160, state:36> place:69386",8240,6371,1869
"South Nyack village, New York: Summary level: 160, state:36> place:69441",2690,1991,699
"Southold CDP, New York: Summary level: 160, state:36> place:69452",6223,5562,661
"Southport CDP, New York: Summary level: 160, state:36> place:69606",7268,5851,1417
"South Valley Stream CDP, New York: Summary level: 160, state:36> place:69892",6416,6104,312
"Spackenkill CDP, New York: Summary level: 160, state:36> place:70035",3893,3637,256
"Sparkill CDP, New York: Summary level: 160, state:36> place:70068",1184,1022,162
"Speculator village, New York: Summary level: 160, state:36> place:70123",315,268,47
"Spencer village, New York: Summary level: 160, state:36> place:70167",1010,888,122
"Spencerport village, New York: Summary level: 160, state:36> place:70189",3547,3012,535
"Springs CDP, New York: Summary level: 160, state:36> place:70387",6226,5315,911
"Spring Valley village, New York: Summary level: 160, state:36> place:70420",31617,28404,3213
"Springville village, New York: Summary level: 160, state:36> place:70442",4093,3372,721
"Springwater Hamlet CDP, New York: Summary level: 160, state:36> place:70477",392,275,117
"Staatsburg CDP, New York: Summary level: 160, state:36> place:70552",366,342,24
"Stamford village, New York: Summary level: 160, state:36> place:70618",1253,876,377
"Stannards CDP, New York: Summary level: 160, state:36> place:70717",955,683,272
"Star Lake CDP, New York: Summary level: 160, state:36> place:70849",714,606,108
"Stewart Manor village, New York: Summary level: 160, state:36> place:71267",2288,2025,263
"Stillwater village, New York: Summary level: 160, state:36> place:71322",1962,1752,210
"Stone Ridge CDP, New York: Summary level: 160, state:36> place:71597",1395,1304,91
"Stony Brook CDP, New York: Summary level: 160, state:36> place:71608",13296,11670,1626
"Stony Brook University CDP, New York: Summary level: 160, state:36> place:71620",115,98,17
"Stony Point CDP, New York: Summary level: 160, state:36> place:71663",12432,11137,1295
"Stottville CDP, New York: Summary level: 160, state:36> place:71718",1500,1233,267
"Strykersville CDP, New York: Summary level: 160, state:36> place:71817",579,520,59
"Suffern village, New York: Summary level: 160, state:36> place:71894",10618,8845,1773
"Sunset Bay CDP, New York: Summary level: 160, state:36> place:72246",532,464,68
"SUNY Oswego CDP, New York: Summary level: 160, state:36> place:72327",11,0,11
"Sylvan Beach village, New York: Summary level: 160, state:36> place:72521",883,644,239
"Syosset CDP, New York: Summary level: 160, state:36> place:72554",18761,17708,1053
"Syracuse city, New York: Summary level: 160, state:36> place:73000",130877,94081,36796
"Tannersville village, New York: Summary level: 160, state:36> place:73143",522,424,98
"Tappan CDP, New York: Summary level: 160, state:36> place:73154",6934,6566,368
"Tarrytown village, New York: Summary level: 160, state:36> place:73176",10803,8655,2148
"Terryville CDP, New York: Summary level: 160, state:36> place:73352",11811,10841,970
"Thendara CDP, New York: Summary level: 160, state:36> place:73459",169,169,0
