,Population in Househol!!Total,Population in Househol!!In family households,Population in Househol!!In nonfamily households
"Malverne village, New York: Summary level: 160, state:36> place:44787",8530,7707,823
"Plandome village, New York: Summary level: 160, state:36> place:58475",1251,1211,40
"New Square village, New York: Summary level: 160, state:36> place:50705",8128,8098,30
"South Nyack village, New York: Summary level: 160, state:36> place:69441",2831,2166,665
"Viola CDP, New York: Summary level: 160, state:36> place:77574",6872,6371,501
"Gouverneur village, New York: Summary level: 160, state:36> place:29597",3699,2968,731
"Rensselaer Falls village, New York: Summary level: 160, state:36> place:61159",361,307,54
"Newark village, New York: Summary level: 160, state:36> place:49891",8469,6160,2309
"Elmira city, New York: Summary level: 160, state:36> place:24229",24214,18880,5334
"Van Etten village, New York: Summary level: 160, state:36> place:76881",678,621,57
"West Elmira CDP, New York: Summary level: 160, state:36> place:79785",4798,3858,940
"Mount Morris village, New York: Summary level: 160, state:36> place:48945",2744,2045,699
"Corfu village, New York: Summary level: 160, state:36> place:18201",707,554,153
"Sodus village, New York: Summary level: 160, state:36> place:68209",1657,1343,314
"Ogdensburg city, New York: Summary level: 160, state:36> place:54485",8939,6953,1986
"Waddington village, New York: Summary level: 160, state:36> place:77728",938,748,190
"Clyde village, New York: Summary level: 160, state:36> place:16573",2097,1857,240
"Big Flats CDP, New York: Summary level: 160, state:36> place:06464",5191,4435,756
"Geneseo village, New York: Summary level: 160, state:36> place:28618",4749,2350,2399
"Miller Place CDP, New York: Summary level: 160, state:36> place:47306",11694,10691,1003
"Addison village, New York: Summary level: 160, state:36> place:00276",1753,1489,264
"Hornell city, New York: Summary level: 160, state:36> place:35672",8086,6576,1510
"Riverside village, New York: Summary level: 160, state:36> place:62061",514,389,125
"Cold Spring village, New York: Summary level: 160, state:36> place:16936",1862,1344,518
"Lake Carmel CDP, New York: Summary level: 160, state:36> place:40398",8099,7108,991
"Putnam Lake CDP, New York: Summary level: 160, state:36> place:60103",3449,3046,403
"Port Byron village, New York: Summary level: 160, state:36> place:59212",989,741,248
"Au Sable Forks CDP, New York: Summary level: 160, state:36> place:03254",426,327,99
"Cumberland Head CDP, New York: Summary level: 160, state:36> place:19408",1380,1080,300
"Redford CDP, New York: Summary level: 160, state:36> place:60884",361,331,30
"Bemus Point village, New York: Summary level: 160, state:36> place:05848",301,172,129
"Brocton village, New York: Summary level: 160, state:36> place:08488",1319,935,384
"Frewsburg CDP, New York: Summary level: 160, state:36> place:27672",1657,1418,239
"Ripley CDP, New York: Summary level: 160, state:36> place:61874",787,665,122
"Freeville village, New York: Summary level: 160, state:36> place:27529",394,296,98
"Newfield Hamlet CDP, New York: Summary level: 160, state:36> place:50257",465,264,201
"Trumansburg village, New York: Summary level: 160, state:36> place:75506",1805,1403,402
"Penn Yan village, New York: Summary level: 160, state:36> place:57177",4515,3158,1357
"Lewiston village, New York: Summary level: 160, state:36> place:42147",2541,1727,814
"South Lockport CDP, New York: Summary level: 160, state:36> place:69386",7254,5579,1675
"Youngstown village, New York: Summary level: 160, state:36> place:84143",2047,1795,252
"Almond village, New York: Summary level: 160, state:36> place:01440",494,442,52
"Canisteo village, New York: Summary level: 160, state:36> place:12254",2256,1949,307
"Corning city, New York: Summary level: 160, state:36> place:18256",10630,7884,2746
"Sleepy Hollow village, New York: Summary level: 160, state:36> place:67638",10065,8777,1288
"Bellerose Terrace CDP, New York: Summary level: 160, state:36> place:05661",2055,2005,50
"Cove Neck village, New York: Summary level: 160, state:36> place:18597",254,226,28
"Baldwinsville village, New York: Summary level: 160, state:36> place:04198",7405,5756,1649
"Galeville CDP, New York: Summary level: 160, state:36> place:28035",4552,3449,1103
"Valatie village, New York: Summary level: 160, state:36> place:76617",1473,1232,241
"Ghent CDP, New York: Summary level: 160, state:36> place:28860",525,447,78
"Kinderhook village, New York: Summary level: 160, state:36> place:39562",1366,1091,275
"Lorenz Park CDP, New York: Summary level: 160, state:36> place:43511",2134,1679,455
"Fairport village, New York: Summary level: 160, state:36> place:25076",5325,4100,1225
"Hilton village, New York: Summary level: 160, state:36> place:34847",5858,5064,794
"Pittsford village, New York: Summary level: 160, state:36> place:58354",1655,1294,361
"Plainedge CDP, New York: Summary level: 160, state:36> place:58409",9176,8516,660
"Rockville Centre village, New York: Summary level: 160, state:36> place:63264",24175,20582,3593
"Remsen village, New York: Summary level: 160, state:36> place:61115",418,364,54
"Sherrill city, New York: Summary level: 160, state:36> place:66993",3018,2431,587
"Sylvan Beach village, New York: Summary level: 160, state:36> place:72521",832,699,133
"Yorkville village, New York: Summary level: 160, state:36> place:84099",2595,1960,635
"Camillus village, New York: Summary level: 160, state:36> place:11902",1185,820,365
"Fabius village, New York: Summary level: 160, state:36> place:24867",336,287,49
"Cape Vincent village, New York: Summary level: 160, state:36> place:12353",652,506,146
"West Bay Shore CDP, New York: Summary level: 160, state:36> place:79301",4832,4300,532
"Portville village, New York: Summary level: 160, state:36> place:59498",965,789,176
"Alexandria Bay village, New York: Summary level: 160, state:36> place:01187",808,485,323
"Calcium CDP, New York: Summary level: 160, state:36> place:11671",3841,3329,512
"Glen Park village, New York: Summary level: 160, state:36> place:29322",568,497,71
"Great Bend CDP, New York: Summary level: 160, state:36> place:30136",1100,952,148
"Gilbertsville village, New York: Summary level: 160, state:36> place:28959",355,285,70
"Oneonta city, New York: Summary level: 160, state:36> place:54881",9268,5642,3626
"West End CDP, New York: Summary level: 160, state:36> place:79796",1853,1239,614
"Country Knolls CDP, New York: Summary level: 160, state:36> place:18542",2120,1981,139
"Galway village, New York: Summary level: 160, state:36> place:28101",221,208,13
"East Kingston CDP, New York: Summary level: 160, state:36> place:22370",737,622,115
"Kerhonkson CDP, New York: Summary level: 160, state:36> place:39397",2373,2060,313
"North Sea CDP, New York: Summary level: 160, state:36> place:53561",4522,3732,790
"Noyack CDP, New York: Summary level: 160, state:36> place:54056",4327,3452,875
"Patchogue village, New York: Summary level: 160, state:36> place:56660",12324,9561,2763
"Peconic CDP, New York: Summary level: 160, state:36> place:56968",747,567,180
"Southold CDP, New York: Summary level: 160, state:36> place:69452",6080,4931,1149
"Oyster Bay Cove village, New York: Summary level: 160, state:36> place:56011",2170,2077,93
"Port Washington CDP, New York: Summary level: 160, state:36> place:59520",15370,13883,1487
"Roosevelt CDP, New York: Summary level: 160, state:36> place:63506",16088,14972,1116
"Russell Gardens village, New York: Summary level: 160, state:36> place:64232",914,843,71
"Uniondale CDP, New York: Summary level: 160, state:36> place:76089",27488,24222,3266
"University Gardens CDP, New York: Summary level: 160, state:36> place:76287",4202,3735,467
"West Hempstead CDP, New York: Summary level: 160, state:36> place:80225",20081,18467,1614
"Silver Springs village, New York: Summary level: 160, state:36> place:67466",875,599,276
"Cherry Creek village, New York: Summary level: 160, state:36> place:15187",481,445,36
"Fredonia village, New York: Summary level: 160, state:36> place:27419",8313,6023,2290
"Constableville village, New York: Summary level: 160, state:36> place:17882",287,257,30
"Copenhagen village, New York: Summary level: 160, state:36> place:18135",765,548,217
"Lyons Falls village, New York: Summary level: 160, state:36> place:44006",543,451,92
"Middleburgh village, New York: Summary level: 160, state:36> place:46866",1507,1153,354
"Richmondville village, New York: Summary level: 160, state:36> place:61588",859,690,169
"Ithaca city, New York: Summary level: 160, state:36> place:38077",22752,8667,14085
"Fort Plain village, New York: Summary level: 160, state:36> place:26924",1727,1373,354
"Palatine Bridge village, New York: Summary level: 160, state:36> place:56110",561,439,122
"Beaver Dam Lake CDP, New York: Summary level: 160, state:36> place:05188",1654,1459,195
"Limestone CDP, New York: Summary level: 160, state:36> place:42378",480,409,71
"Lake Luzerne CDP, New York: Summary level: 160, state:36> place:40651",972,773,199
"Niskayuna CDP, New York: Summary level: 160, state:36> place:51262",4853,4400,453
"West Valley CDP, New York: Summary level: 160, state:36> place:81138",547,501,46
"Williamson CDP, New York: Summary level: 160, state:36> place:82029",2510,2067,443
"Willsboro CDP, New York: Summary level: 160, state:36> place:82260",861,750,111
"Wilmington CDP, New York: Summary level: 160, state:36> place:82304",817,694,123
"Winthrop CDP, New York: Summary level: 160, state:36> place:82612",149,121,28
"Witherbee CDP, New York: Summary level: 160, state:36> place:82656",267,204,63
"Woodsville CDP, New York: Summary level: 160, state:36> place:83063",105,94,11
"Hall CDP, New York: Summary level: 160, state:36> place:31533",128,81,47
"Hamlin CDP, New York: Summary level: 160, state:36> place:31786",5424,4636,788
"Hannawa Falls CDP, New York: Summary level: 160, state:36> place:32006",882,699,183
"Hartwick CDP, New York: Summary level: 160, state:36> place:32578",641,602,39
"Hemlock CDP, New York: Summary level: 160, state:36> place:33128",423,331,92
"Henderson CDP, New York: Summary level: 160, state:36> place:34044",151,114,37
"Honeoye CDP, New York: Summary level: 160, state:36> place:35353",854,716,138
"Hortonville CDP, New York: Summary level: 160, state:36> place:35738",162,99,63
"Hunt CDP, New York: Summary level: 160, state:36> place:36156",109,89,20
"Hyde Park CDP, New York: Summary level: 160, state:36> place:37198",1943,1548,395
"Katonah CDP, New York: Summary level: 160, state:36> place:38946",1895,1769,126
"Kennedy CDP, New York: Summary level: 160, state:36> place:39243",363,263,100
"Keuka Park CDP, New York: Summary level: 160, state:36> place:39463",186,157,29
"Kysorville CDP, New York: Summary level: 160, state:36> place:40175",189,177,12
"Lakeville CDP, New York: Summary level: 160, state:36> place:41036",994,964,30
"Lime Lake CDP, New York: Summary level: 160, state:36> place:42345",732,613,119
"Linwood CDP, New York: Summary level: 160, state:36> place:42609",85,79,6
"Livonia Center CDP, New York: Summary level: 160, state:36> place:42972",320,276,44
"Long Lake CDP, New York: Summary level: 160, state:36> place:43401",347,301,46
"Lorraine CDP, New York: Summary level: 160, state:36> place:43533",107,92,15
"Machias CDP, New York: Summary level: 160, state:36> place:44226",432,342,90
"Madrid CDP, New York: Summary level: 160, state:36> place:44479",632,522,110
"Malden-on-Hudson CDP, New York: Summary level: 160, state:36> place:44677",291,246,45
"Marion CDP, New York: Summary level: 160, state:36> place:45634",1366,1006,360
"Sherburne village, New York: Summary level: 160, state:36> place:66883",1389,1016,373
"Farnham village, New York: Summary level: 160, state:36> place:25428",456,376,80
"Sherman village, New York: Summary level: 160, state:36> place:66949",752,645,107
"Sharon Springs village, New York: Summary level: 160, state:36> place:66663",523,381,142
"Greenvale CDP, New York: Summary level: 160, state:36> place:30598",1705,1500,205
"Island Park village, New York: Summary level: 160, state:36> place:37847",4620,3838,782
"Saddle Rock village, New York: Summary level: 160, state:36> place:64430",758,683,75
"Cortland West CDP, New York: Summary level: 160, state:36> place:18443",1245,1064,181
"Angelica village, New York: Summary level: 160, state:36> place:02176",759,623,136
"East Meadow CDP, New York: Summary level: 160, state:36> place:22502",35745,32583,3162
"Massapequa CDP, New York: Summary level: 160, state:36> place:45986",21825,20195,1630
"Celoron village, New York: Summary level: 160, state:36> place:13288",925,642,283
"Prospect CDP, New York: Summary level: 160, state:36> place:59883",319,269,50
"Altmar CDP, New York: Summary level: 160, state:36> place:01550",442,384,58
"Forestville CDP, New York: Summary level: 160, state:36> place:26649",813,706,107
"Merritt Park CDP, New York: Summary level: 160, state:36> place:46750",1776,1660,116
"Mineville CDP, New York: Summary level: 160, state:36> place:47702",1155,968,187
"Montrose CDP, New York: Summary level: 160, state:36> place:48208",3187,2763,424
"Mountain Lodge Park CDP, New York: Summary level: 160, state:36> place:48750",1914,1537,377
"North Creek CDP, New York: Summary level: 160, state:36> place:51847",514,397,117
"North Gates CDP, New York: Summary level: 160, state:36> place:52040",9318,6924,2394
"North Rose CDP, New York: Summary level: 160, state:36> place:53462",425,300,125
"Oak Beach-Captree CDP, New York: Summary level: 160, state:36> place:54112",39,16,23
"Old Forge CDP, New York: Summary level: 160, state:36> place:54639",391,268,123
"Ontario CDP, New York: Summary level: 160, state:36> place:55002",1815,1278,537
"Oxbow CDP, New York: Summary level: 160, state:36> place:55937",109,106,3
"Pamelia Center CDP, New York: Summary level: 160, state:36> place:56212",372,321,51
"Parishville CDP, New York: Summary level: 160, state:36> place:56363",674,546,128
"Paul Smiths CDP, New York: Summary level: 160, state:36> place:56770",0,0,0
"Pavilion CDP, New York: Summary level: 160, state:36> place:56781",614,537,77
"Cherry Valley village, New York: Summary level: 160, state:36> place:15242",553,467,86
"Milford village, New York: Summary level: 160, state:36> place:47229",380,294,86
"Richfield Springs village, New York: Summary level: 160, state:36> place:61489",1049,846,203
"North Hornell village, New York: Summary level: 160, state:36> place:53055",660,508,152
"Carmel Hamlet CDP, New York: Summary level: 160, state:36> place:12532",6091,5318,773
"Mamaroneck village, New York: Summary level: 160, state:36> place:44831",18844,16049,2795
"Mount Vernon city, New York: Summary level: 160, state:36> place:49121",67119,55620,11499
"Peekskill city, New York: Summary level: 160, state:36> place:56979",23842,19229,4613
"Rye city, New York: Summary level: 160, state:36> place:64309",15715,14050,1665
"Scotts Corners CDP, New York: Summary level: 160, state:36> place:65948",704,652,52
"Tarrytown village, New York: Summary level: 160, state:36> place:73176",11194,8952,2242
"Johnstown city, New York: Summary level: 160, state:36> place:38781",8135,6514,1621
"Central Square village, New York: Summary level: 160, state:36> place:13585",1846,1346,500
"Narrowsburg CDP, New York: Summary level: 160, state:36> place:49473",338,227,111
"Roscoe CDP, New York: Summary level: 160, state:36> place:63583",546,447,99
"Gardnertown CDP, New York: Summary level: 160, state:36> place:28310",5194,4736,458
"Otisville village, New York: Summary level: 160, state:36> place:55673",1255,1160,95
"Port Jervis city, New York: Summary level: 160, state:36> place:59388",8531,6146,2385
"Manorville CDP, New York: Summary level: 160, state:36> place:45139",14317,12539,1778
"Huntington Bay village, New York: Summary level: 160, state:36> place:37022",1366,1227,139
"Islip CDP, New York: Summary level: 160, state:36> place:37869",17861,15722,2139
"Islip Terrace CDP, New York: Summary level: 160, state:36> place:38022",5529,5244,285
"Moriches CDP, New York: Summary level: 160, state:36> place:48450",3250,2660,590
"Mount Sinai CDP, New York: Summary level: 160, state:36> place:49066",11497,10463,1034
"North Great River CDP, New York: Summary level: 160, state:36> place:52078",3929,3480,449
"Port Jefferson Station CDP, New York: Summary level: 160, state:36> place:59377",7725,6647,1078
"Remsenburg-Speonk CDP, New York: Summary level: 160, state:36> place:61142",1960,1689,271
"St. James CDP, New York: Summary level: 160, state:36> place:64584",12684,11021,1663
"Shelter Island CDP, New York: Summary level: 160, state:36> place:66828",1695,1492,203
"Shirley CDP, New York: Summary level: 160, state:36> place:67070",28402,25626,2776
"Shoreham village, New York: Summary level: 160, state:36> place:67191",437,398,39
"Loch Sheldrake CDP, New York: Summary level: 160, state:36> place:43038",914,784,130
"Quiogue CDP, New York: Summary level: 160, state:36> place:60408",844,611,233
"Mastic Beach village, New York: Summary level: 160, state:36> place:46085",11927,9846,2081
"Odessa village, New York: Summary level: 160, state:36> place:54452",491,393,98
"Watkins Glen village, New York: Summary level: 160, state:36> place:78696",1979,1494,485
"Interlaken village, New York: Summary level: 160, state:36> place:37528",559,455,104
"Belmont village, New York: Summary level: 160, state:36> place:05815",793,604,189
"Holland CDP, New York: Summary level: 160, state:36> place:35111",1183,887,296
"Lackawanna city, New York: Summary level: 160, state:36> place:40189",17591,13842,3749
"Orchard Park village, New York: Summary level: 160, state:36> place:55266",3149,2600,549
"West Seneca CDP, New York: Summary level: 160, state:36> place:80907",44831,35734,9097
"Burdett village, New York: Summary level: 160, state:36> place:11132",437,349,88
"East Ithaca CDP, New York: Summary level: 160, state:36> place:22326",2035,1378,657
"Groton village, New York: Summary level: 160, state:36> place:30961",1936,1484,452
"Lansing village, New York: Summary level: 160, state:36> place:41223",3451,2345,1106
"West Hills CDP, New York: Summary level: 160, state:36> place:80258",5310,4801,509
"Ardsley village, New York: Summary level: 160, state:36> place:02506",4525,4108,417
"Croton-on-Hudson village, New York: Summary level: 160, state:36> place:19213",7998,7076,922
"Pelham village, New York: Summary level: 160, state:36> place:57001",6935,6404,531
"Arcade village, New York: Summary level: 160, state:36> place:02407",2175,1750,425
"Rapids CDP, New York: Summary level: 160, state:36> place:60609",1198,1069,129
"Mahopac CDP, New York: Summary level: 160, state:36> place:44534",8415,7194,1221
"Shenorock CDP, New York: Summary level: 160, state:36> place:66872",2179,2018,161
"Dundee village, New York: Summary level: 160, state:36> place:21050",1624,1244,380
"Richburg village, New York: Summary level: 160, state:36> place:61434",450,408,42
"Cassadaga village, New York: Summary level: 160, state:36> place:12749",516,389,127
"Lakewood village, New York: Summary level: 160, state:36> place:41069",2819,2023,796
"Westfield village, New York: Summary level: 160, state:36> place:79939",2864,2163,701
"Binghamton University CDP, New York: Summary level: 160, state:36> place:06644",15,15,0
"Bedford Hills CDP, New York: Summary level: 160, state:36> place:05342",3500,3251,249
"Belfast CDP, New York: Summary level: 160, state:36> place:05562",715,582,133
"Belleville CDP, New York: Summary level: 160, state:36> place:05683",306,231,75
"Melrose Park CDP, New York: Summary level: 160, state:36> place:46503",2320,2129,191
"Meridian village, New York: Summary level: 160, state:36> place:46646",327,277,50
"Voorheesville village, New York: Summary level: 160, state:36> place:77684",2799,2430,369
"Westmere CDP, New York: Summary level: 160, state:36> place:80423",6941,5223,1718
"Angola village, New York: Summary level: 160, state:36> place:02198",2174,1841,333
"Clarence Center CDP, New York: Summary level: 160, state:36> place:15836",3125,3000,125
"Gowanda village, New York: Summary level: 160, state:36> place:29630",2645,2069,576
"North Boston CDP, New York: Summary level: 160, state:36> place:51583",2835,2326,509
"Dunkirk city, New York: Summary level: 160, state:36> place:21105",11829,9138,2691
"Panama village, New York: Summary level: 160, state:36> place:56231",412,317,95
"Croghan village, New York: Summary level: 160, state:36> place:19070",621,513,108
"Lowville village, New York: Summary level: 160, state:36> place:43720",3184,2382,802
"Montour Falls village, New York: Summary level: 160, state:36> place:48197",1608,1120,488
"Lodi village, New York: Summary level: 160, state:36> place:43214",351,295,56
"Waterloo village, New York: Summary level: 160, state:36> place:78553",4655,3755,900
"Alfred village, New York: Summary level: 160, state:36> place:01198",762,370,392
"Canaseraga village, New York: Summary level: 160, state:36> place:12177",524,459,65
"Houghton CDP, New York: Summary level: 160, state:36> place:35771",850,746,104
"Hamilton village, New York: Summary level: 160, state:36> place:31709",1783,956,827
"East Moriches CDP, New York: Summary level: 160, state:36> place:22546",5202,4713,489
"Farmingville CDP, New York: Summary level: 160, state:36> place:25417",15337,14497,840
"Fishers Island CDP, New York: Summary level: 160, state:36> place:25923",175,167,8
"Fort Salonga CDP, New York: Summary level: 160, state:36> place:26946",9549,8624,925
"Gordon Heights CDP, New York: Summary level: 160, state:36> place:29509",3597,3194,403
"Holbrook CDP, New York: Summary level: 160, state:36> place:35056",26177,23243,2934
"Stewart Manor village, New York: Summary level: 160, state:36> place:71267",2191,1981,210
"Port Leyden village, New York: Summary level: 160, state:36> place:59454",648,502,146
"Point Lookout CDP, New York: Summary level: 160, state:36> place:58849",1008,891,117
"Roslyn Estates village, New York: Summary level: 160, state:36> place:63792",1188,1125,63
"Roslyn Heights CDP, New York: Summary level: 160, state:36> place:63814",6577,6249,328
"Saddle Rock Estates CDP, New York: Summary level: 160, state:36> place:64441",577,567,10
"Syosset CDP, New York: Summary level: 160, state:36> place:72554",19372,18336,1036
"Wantagh CDP, New York: Summary level: 160, state:36> place:78146",18033,16794,1239
"Boonville village, New York: Summary level: 160, state:36> place:07355",1931,1560,371
"Camden village, New York: Summary level: 160, state:36> place:11847",2528,1988,540
"Utica city, New York: Summary level: 160, state:36> place:76540",57791,45637,12154
"East Syracuse village, New York: Summary level: 160, state:36> place:23052",2963,2196,767
"Elbridge village, New York: Summary level: 160, state:36> place:23789",1004,838,166
"Akron village, New York: Summary level: 160, state:36> place:00441",2846,2167,679
"Billington Heights CDP, New York: Summary level: 160, state:36> place:06574",1367,935,432
"Depew village, New York: Summary level: 160, state:36> place:20313",15097,11948,3149
"East Aurora village, New York: Summary level: 160, state:36> place:21589",5780,4661,1119
"Eden CDP, New York: Summary level: 160, state:36> place:23404",3180,2670,510
"Naples village, New York: Summary level: 160, state:36> place:49429",1024,812,212
"Northwest Ithaca CDP, New York: Summary level: 160, state:36> place:53853",1145,853,292
"Woodridge village, New York: Summary level: 160, state:36> place:82953",788,633,155
"Heritage Hills CDP, New York: Summary level: 160, state:36> place:34118",4122,2881,1241
"Lyndonville village, New York: Summary level: 160, state:36> place:43918",724,575,149
"Eatons Neck CDP, New York: Summary level: 160, state:36> place:23316",1474,1374,100
"Batavia city, New York: Summary level: 160, state:36> place:04715",14134,10834,3300
"Hastings-on-Hudson village, New York: Summary level: 160, state:36> place:32710",7502,6678,824
"Blue Point CDP, New York: Summary level: 160, state:36> place:07069",4835,4367,468
"Cobleskill village, New York: Summary level: 160, state:36> place:16628",3230,2024,1206
"Esperance village, New York: Summary level: 160, state:36> place:24713",394,316,78
"Schoharie village, New York: Summary level: 160, state:36> place:65585",796,602,194
"Bainbridge village, New York: Summary level: 160, state:36> place:04033",1442,1141,301
"New Berlin village, New York: Summary level: 160, state:36> place:49946",857,650,207
"Friendship CDP, New York: Summary level: 160, state:36> place:27694",1169,1007,162
"Greene village, New York: Summary level: 160, state:36> place:30411",1704,1298,406
"Munnsville village, New York: Summary level: 160, state:36> place:49220",497,429,68
"Wampsville village, New York: Summary level: 160, state:36> place:78113",539,452,87
"Brookville village, New York: Summary level: 160, state:36> place:10132",2458,2341,117
"East Norwich CDP, New York: Summary level: 160, state:36> place:22623",2878,2554,324
"Franklin Square CDP, New York: Summary level: 160, state:36> place:27309",32184,29932,2252
"Harbor Hills CDP, New York: Summary level: 160, state:36> place:32094",475,447,28
"Hempstead village, New York: Summary level: 160, state:36> place:33139",54534,48723,5811
"Herricks CDP, New York: Summary level: 160, state:36> place:34198",4074,3717,357
"Hewlett CDP, New York: Summary level: 160, state:36> place:34286",6462,5630,832
"Lakeview CDP, New York: Summary level: 160, state:36> place:41003",6266,6041,225
"Manhasset Hills CDP, New York: Summary level: 160, state:36> place:44908",3594,3401,193
"North Bellmore CDP, New York: Summary level: 160, state:36> place:51517",20128,18439,1689
"North Massapequa CDP, New York: Summary level: 160, state:36> place:53253",18586,17149,1437
"Antwerp village, New York: Summary level: 160, state:36> place:02286",543,440,103
"Southampton village, New York: Summary level: 160, state:36> place:68462",3002,2358,644
"Olean city, New York: Summary level: 160, state:36> place:54716",13559,9934,3625
"Yorkshire CDP, New York: Summary level: 160, state:36> place:84044",1191,855,336
"Schuylerville village, New York: Summary level: 160, state:36> place:65750",1537,1275,262
"Glens Falls city, New York: Summary level: 160, state:36> place:29333",14150,10172,3978
"Jamesport CDP, New York: Summary level: 160, state:36> place:38253",1065,870,195
"Lake Ronkonkoma CDP, New York: Summary level: 160, state:36> place:40838",20433,18014,2419
"Mastic CDP, New York: Summary level: 160, state:36> place:46074",14663,13741,922
"North Bay Shore CDP, New York: Summary level: 160, state:36> place:51495",21009,20296,713
"North Haven village, New York: Summary level: 160, state:36> place:52188",919,744,175
"Port Jefferson village, New York: Summary level: 160, state:36> place:59355",7538,6275,1263
"Riverside CDP, New York: Summary level: 160, state:36> place:62066",884,412,472
"Selden CDP, New York: Summary level: 160, state:36> place:66212",19750,17816,1934
"Smithtown CDP, New York: Summary level: 160, state:36> place:67851",25507,22843,2664
"Sound Beach CDP, New York: Summary level: 160, state:36> place:68374",8044,6967,1077
"Westhampton CDP, New York: Summary level: 160, state:36> place:80170",2693,2425,268
"Westhampton Beach village, New York: Summary level: 160, state:36> place:80181",1622,1263,359
"Salamanca city, New York: Summary level: 160, state:36> place:64749",5420,4351,1069
"Poquott village, New York: Summary level: 160, state:36> place:59157",992,865,127
"Rocky Point CDP, New York: Summary level: 160, state:36> place:63319",12853,11339,1514
"Shelter Island Heights CDP, New York: Summary level: 160, state:36> place:66850",1017,808,209
"Stony Brook CDP, New York: Summary level: 160, state:36> place:71608",12604,11021,1583
"Jordan village, New York: Summary level: 160, state:36> place:38825",1429,1143,286
"Lyncourt CDP, New York: Summary level: 160, state:36> place:43885",3851,2722,1129
"Manlius village, New York: Summary level: 160, state:36> place:45018",4515,3596,919
"Minoa village, New York: Summary level: 160, state:36> place:47757",3402,2802,600
"Nedrow CDP, New York: Summary level: 160, state:36> place:49726",2316,1880,436
"Seneca Knolls CDP, New York: Summary level: 160, state:36> place:66366",2002,1466,536
"Castile village, New York: Summary level: 160, state:36> place:12771",945,777,168
"Fort Johnson village, New York: Summary level: 160, state:36> place:26880",839,765,74
"Tribes Hill CDP, New York: Summary level: 160, state:36> place:75341",868,627,241
"Delanson village, New York: Summary level: 160, state:36> place:20082",376,343,33
"Rotterdam CDP, New York: Summary level: 160, state:36> place:63924",20060,17049,3011
"Brewerton CDP, New York: Summary level: 160, state:36> place:08059",3931,3326,605
"Broadalbin village, New York: Summary level: 160, state:36> place:08422",1466,1159,307
"East Rochester village, New York: Summary level: 160, state:36> place:22865",6506,4523,1983
"Plattsburgh West CDP, New York: Summary level: 160, state:36> place:58601",1360,1100,260
"La Fargeville CDP, New York: Summary level: 160, state:36> place:40233",688,645,43
"Great Neck Estates village, New York: Summary level: 160, state:36> place:30191",2841,2630,211
"New Hyde Park village, New York: Summary level: 160, state:36> place:50397",9836,9418,418
"Callicoon CDP, New York: Summary level: 160, state:36> place:11748",224,122,102
"Hillburn village, New York: Summary level: 160, state:36> place:34660",994,901,93
"Valley Cottage CDP, New York: Summary level: 160, state:36> place:76661",9369,8124,1245
"West Winfield village, New York: Summary level: 160, state:36> place:81292",752,610,142
"Red Hook village, New York: Summary level: 160, state:36> place:60895",1963,1342,621
"Thiells CDP, New York: Summary level: 160, state:36> place:73583",5173,4904,269
"Adams Center CDP, New York: Summary level: 160, state:36> place:00232",1442,1242,200
"Clintondale CDP, New York: Summary level: 160, state:36> place:16452",1293,1026,267
"Homer village, New York: Summary level: 160, state:36> place:35276",3121,2574,547
"Lake Katrine CDP, New York: Summary level: 160, state:36> place:40585",1972,1497,475
"Auburn city, New York: Summary level: 160, state:36> place:03078",24407,17210,7197
"Lyon Mountain CDP, New York: Summary level: 160, state:36> place:43951",282,216,66
"Ovid village, New York: Summary level: 160, state:36> place:55816",531,401,130
"Valley Falls village, New York: Summary level: 160, state:36> place:76672",483,410,73
"Solvay village, New York: Summary level: 160, state:36> place:68286",6349,4669,1680
"Ossining village, New York: Summary level: 160, state:36> place:55530",23337,19861,3476
"Sands Point village, New York: Summary level: 160, state:36> place:65035",2815,2643,172
"Oneida Castle village, New York: Summary level: 160, state:36> place:54848",598,468,130
"East Hampton North CDP, New York: Summary level: 160, state:36> place:22200",4458,3687,771
"Waverly village, New York: Summary level: 160, state:36> place:78806",4000,3182,818
"Tupper Lake village, New York: Summary level: 160, state:36> place:75671",3664,2898,766
"Greenport village, New York: Summary level: 160, state:36> place:30576",1817,1444,373
"Nissequogue village, New York: Summary level: 160, state:36> place:51286",1542,1458,84
"Windsor village, New York: Summary level: 160, state:36> place:82524",972,856,116
"Hopewell Junction CDP, New York: Summary level: 160, state:36> place:35573",454,416,38
"Leicester village, New York: Summary level: 160, state:36> place:41872",516,440,76
"Barker village, New York: Summary level: 160, state:36> place:04440",588,505,83
"Jefferson Heights CDP, New York: Summary level: 160, state:36> place:38451",705,447,258
"Stamford village, New York: Summary level: 160, state:36> place:70618",1262,885,377
"Saltaire village, New York: Summary level: 160, state:36> place:64881",8,6,2
"Fire Island CDP, New York: Summary level: 160, state:36> place:25839",244,214,30
"Cooperstown village, New York: Summary level: 160, state:36> place:18047",1765,1319,446
"Mechanicville city, New York: Summary level: 160, state:36> place:46360",5144,3818,1326
"Floral Park village, New York: Summary level: 160, state:36> place:26264",16183,14503,1680
"Freeport village, New York: Summary level: 160, state:36> place:27485",42610,37773,4837
"Garden City village, New York: Summary level: 160, state:36> place:28178",21487,20007,1480
"East Farmingdale CDP, New York: Summary level: 160, state:36> place:21985",5624,5003,621
"East Marion CDP, New York: Summary level: 160, state:36> place:22447",954,784,170
"Glens Falls North CDP, New York: Summary level: 160, state:36> place:29338",8747,6885,1862
"Tannersville village, New York: Summary level: 160, state:36> place:73143",992,808,184
"Painted Post village, New York: Summary level: 160, state:36> place:56088",1727,1319,408
"Gasport CDP, New York: Summary level: 160, state:36> place:28431",1440,1184,256
"Lockport city, New York: Summary level: 160, state:36> place:43082",20306,15482,4824
"Pelham Manor village, New York: Summary level: 160, state:36> place:57023",5570,5273,297
"Port Chester village, New York: Summary level: 160, state:36> place:59223",29158,25971,3187
"Scarsdale village, New York: Summary level: 160, state:36> place:65431",17774,17026,748
"Shrub Oak CDP, New York: Summary level: 160, state:36> place:67279",2447,2110,337
"Yonkers city, New York: Summary level: 160, state:36> place:84000",196838,164410,32428
"Round Lake village, New York: Summary level: 160, state:36> place:63957",736,559,177
"Franklin village, New York: Summary level: 160, state:36> place:27221",399,343,56
"Hancock village, New York: Summary level: 160, state:36> place:31940",1070,727,343
"Westvale CDP, New York: Summary level: 160, state:36> place:81127",4958,4245,713
"Attica village, New York: Summary level: 160, state:36> place:03001",3190,2730,460
"Gainesville village, New York: Summary level: 160, state:36> place:27969",232,203,29
"Amsterdam city, New York: Summary level: 160, state:36> place:02066",17626,13796,3830
"Airmont village, New York: Summary level: 160, state:36> place:00408",8508,8101,407
"Congers CDP, New York: Summary level: 160, state:36> place:17739",8355,7673,682
"Monsey CDP, New York: Summary level: 160, state:36> place:48010",21590,21143,447
"DeRuyter village, New York: Summary level: 160, state:36> place:20390",457,359,98
"Springville village, New York: Summary level: 160, state:36> place:70442",4126,3249,877
"Tonawanda city, New York: Summary level: 160, state:36> place:74166",14830,11472,3358
"Canastota village, New York: Summary level: 160, state:36> place:12188",4593,3750,843
"Tonawanda CDP, New York: Summary level: 160, state:36> place:74183",56763,44018,12745
"Madison village, New York: Summary level: 160, state:36> place:44424",468,413,55
"West Sand Lake CDP, New York: Summary level: 160, state:36> place:80863",2714,2518,196
"Forest Home CDP, New York: Summary level: 160, state:36> place:26561",616,385,231
"Mayville village, New York: Summary level: 160, state:36> place:46239",1155,912,243
"Webster village, New York: Summary level: 160, state:36> place:78960",5463,4143,1320
"Nichols village, New York: Summary level: 160, state:36> place:51110",601,561,40
"Dexter village, New York: Summary level: 160, state:36> place:20500",1001,850,151
"Nassau village, New York: Summary level: 160, state:36> place:49506",1048,832,216
"Troy city, New York: Summary level: 160, state:36> place:75484",44850,31113,13737
"Glen Cove city, New York: Summary level: 160, state:36> place:29113",26486,22360,4126
"Johnson City village, New York: Summary level: 160, state:36> place:38748",14146,10355,3791
"Le Roy village, New York: Summary level: 160, state:36> place:42026",4164,3190,974
"Lisle village, New York: Summary level: 160, state:36> place:42642",215,180,35
"Mohawk village, New York: Summary level: 160, state:36> place:47823",2539,1850,689
"Port Dickinson village, New York: Summary level: 160, state:36> place:59245",1812,1407,405
"Millbrook village, New York: Summary level: 160, state:36> place:47273",1408,1064,344
"Rhinebeck village, New York: Summary level: 160, state:36> place:61346",2422,1758,664
"Greece CDP, New York: Summary level: 160, state:36> place:30279",14749,11660,3089
"Nyack village, New York: Summary level: 160, state:36> place:54100",7180,4714,2466
"Pearl River CDP, New York: Summary level: 160, state:36> place:56902",16420,14773,1647
"Suffern village, New York: Summary level: 160, state:36> place:71894",10684,8614,2070
"Star Lake CDP, New York: Summary level: 160, state:36> place:70849",798,652,146
"Palmyra village, New York: Summary level: 160, state:36> place:56187",3351,2633,718
"Elmira Heights village, New York: Summary level: 160, state:36> place:24251",4013,3035,978
"Horseheads village, New York: Summary level: 160, state:36> place:35694",6389,4686,1703
"Wellsburg village, New York: Summary level: 160, state:36> place:79081",506,454,52
"Caledonia village, New York: Summary level: 160, state:36> place:11704",2094,1666,428
"Lima village, New York: Summary level: 160, state:36> place:42323",2123,1725,398
"Pleasant Valley CDP, New York: Summary level: 160, state:36> place:58684",1367,922,445
"Spackenkill CDP, New York: Summary level: 160, state:36> place:70035",4199,3945,254
"Claverack-Red Mills CDP, New York: Summary level: 160, state:36> place:16050",543,422,121
"Germantown CDP, New York: Summary level: 160, state:36> place:28761",884,695,189
"Grand View-on-Hudson village, New York: Summary level: 160, state:36> place:29872",307,243,64
"Nanuet CDP, New York: Summary level: 160, state:36> place:49407",17363,15009,2354
"Orangeburg CDP, New York: Summary level: 160, state:36> place:55167",3391,2685,706
"Spring Valley village, New York: Summary level: 160, state:36> place:70420",32192,28904,3288
"Scotchtown CDP, New York: Summary level: 160, state:36> place:65882",9130,7820,1310
"Harriman village, New York: Summary level: 160, state:36> place:32325",2926,2479,447
"Kiryas Joel village, New York: Summary level: 160, state:36> place:39853",23281,23177,104
"Orange Lake CDP, New York: Summary level: 160, state:36> place:55189",6144,5388,756
"Waterville village, New York: Summary level: 160, state:36> place:78663",1495,1198,297
"Ellicottville village, New York: Summary level: 160, state:36> place:24020",283,203,80
"Black River village, New York: Summary level: 160, state:36> place:06794",1210,970,240
"Carthage village, New York: Summary level: 160, state:36> place:12683",3347,2741,606
"Cragsmoor CDP, New York: Summary level: 160, state:36> place:18762",359,279,80
"High Falls CDP, New York: Summary level: 160, state:36> place:34451",659,599,60
"Delhi village, New York: Summary level: 160, state:36> place:20126",1528,982,546
"Morristown village, New York: Summary level: 160, state:36> place:48571",279,205,74
"Keeseville CDP, New York: Summary level: 160, state:36> place:39089",2948,2359,589
"Salem CDP, New York: Summary level: 160, state:36> place:64771",683,533,150
"Copake Hamlet CDP, New York: Summary level: 160, state:36> place:18118",221,187,34
"Wells CDP, New York: Summary level: 160, state:36> place:79048",628,600,28
"Thendara CDP, New York: Summary level: 160, state:36> place:73495",66,49,17
"Randolph CDP, New York: Summary level: 160, state:36> place:60576",1147,893,254
"Virgil CDP, New York: Summary level: 160, state:36> place:77585",495,440,55
"Edwards CDP, New York: Summary level: 160, state:36> place:23635",448,370,78
"Taconic Shores CDP, New York: Summary level: 160, state:36> place:73057",627,535,92
"Hermon CDP, New York: Summary level: 160, state:36> place:34165",397,245,152
"Herrings CDP, New York: Summary level: 160, state:36> place:34220",112,104,8
"Macedon CDP, New York: Summary level: 160, state:36> place:44149",1914,1572,342
"Barneveld CDP, New York: Summary level: 160, state:36> place:04528",319,257,62
"Port Henry CDP, New York: Summary level: 160, state:36> place:59333",1103,902,201
"West Haverstraw village, New York: Summary level: 160, state:36> place:80203",10146,9285,861
"Tappan CDP, New York: Summary level: 160, state:36> place:73154",6976,6399,577
"Wesley Hills village, New York: Summary level: 160, state:36> place:79174",5759,5644,115
"Norfolk CDP, New York: Summary level: 160, state:36> place:51319",1441,940,501
"Poughkeepsie city, New York: Summary level: 160, state:36> place:59641",29423,21845,7578
"Tivoli village, New York: Summary level: 160, state:36> place:74023",1095,614,481
"Horseheads North CDP, New York: Summary level: 160, state:36> place:35710",2740,2342,398
"Southport CDP, New York: Summary level: 160, state:36> place:69606",6929,5203,1726
"Yaphank CDP, New York: Summary level: 160, state:36> place:83426",5516,4816,700
"Buchanan village, New York: Summary level: 160, state:36> place:10341",2118,1884,234
"Eastchester CDP, New York: Summary level: 160, state:36> place:21809",19956,17101,2855
"Elmsford village, New York: Summary level: 160, state:36> place:24295",4981,4407,574
"Greenville CDP (Westchester County), New York: Summary level: 160, state:36> place:30642",7202,6899,303
"Irvington village, New York: Summary level: 160, state:36> place:37803",6472,5614,858
"South Glens Falls village, New York: Summary level: 160, state:36> place:69078",3577,2710,867
"Brushton village, New York: Summary level: 160, state:36> place:10286",456,356,100
"Burke village, New York: Summary level: 160, state:36> place:11154",224,176,48
"Amityville village, New York: Summary level: 160, state:36> place:02044",8971,7618,1353
"Babylon village, New York: Summary level: 160, state:36> place:03408",12056,10440,1616
"Central Islip CDP, New York: Summary level: 160, state:36> place:13552",31652,28417,3235
"Copiague CDP, New York: Summary level: 160, state:36> place:18146",23658,21289,2369
"Coram CDP, New York: Summary level: 160, state:36> place:18157",39777,33054,6723
"East Islip CDP, New York: Summary level: 160, state:36> place:22315",13401,11996,1405
"East Northport CDP, New York: Summary level: 160, state:36> place:22612",20029,18181,1848
"East Quogue CDP, New York: Summary level: 160, state:36> place:22832",4797,4206,591
"Hartsdale CDP, New York: Summary level: 160, state:36> place:32523",4731,3279,1452
"Amagansett CDP, New York: Summary level: 160, state:36> place:01594",740,523,217
"Bayport CDP, New York: Summary level: 160, state:36> place:04913",8362,7181,1181
"Centereach CDP, New York: Summary level: 160, state:36> place:13376",31847,29448,2399
"Cold Spring Harbor CDP, New York: Summary level: 160, state:36> place:16958",5064,4700,364
"Elwood CDP, New York: Summary level: 160, state:36> place:24405",11353,10698,655
"Candor village, New York: Summary level: 160, state:36> place:12210",645,529,116
"Crugers CDP, New York: Summary level: 160, state:36> place:19290",1326,773,553
"Golden's Bridge CDP, New York: Summary level: 160, state:36> place:29476",1798,1613,185
"Hawthorne CDP, New York: Summary level: 160, state:36> place:32842",4484,4045,439
"East Shoreham CDP, New York: Summary level: 160, state:36> place:22980",6376,5790,586
"Halesite CDP, New York: Summary level: 160, state:36> place:31445",2671,2378,293
"Hampton Bays CDP, New York: Summary level: 160, state:36> place:31896",14181,11980,2201
"Holtsville CDP, New York: Summary level: 160, state:36> place:35254",19304,17441,1863
"Kings Park CDP, New York: Summary level: 160, state:36> place:39672",16311,14305,2006
"New Hempstead village, New York: Summary level: 160, state:36> place:50353",5306,5204,102
"Seneca Falls CDP, New York: Summary level: 160, state:36> place:66322",5949,4529,1420
"East Randolph CDP, New York: Summary level: 160, state:36> place:22843",466,410,56
"Perrysburg CDP, New York: Summary level: 160, state:36> place:57287",318,261,57
"Copake Falls CDP, New York: Summary level: 160, state:36> place:18113",303,105,198
"Pierrepont Manor CDP, New York: Summary level: 160, state:36> place:57782",204,204,0
"Piffard CDP, New York: Summary level: 160, state:36> place:57804",284,198,86
"Pike CDP, New York: Summary level: 160, state:36> place:57815",240,191,49
"Pine Valley CDP, New York: Summary level: 160, state:36> place:58189",748,640,108
"Plessis CDP, New York: Summary level: 160, state:36> place:58739",175,175,0
"York Hamlet CDP, New York: Summary level: 160, state:36> place:84035",399,328,71
"Watchtower CDP, New York: Summary level: 160, state:36> place:78487",0,0,0
"Water Mill CDP, New York: Summary level: 160, state:36> place:78575",1894,1428,466
"Brasher Falls CDP, New York: Summary level: 160, state:36> place:07960",734,568,166
"Campbell CDP, New York: Summary level: 160, state:36> place:11935",699,626,73
"Caroga Lake CDP, New York: Summary level: 160, state:36> place:12584",590,487,103
"Central Bridge CDP, New York: Summary level: 160, state:36> place:13530",328,291,37
"Chautauqua CDP, New York: Summary level: 160, state:36> place:14058",122,88,34
"Chadwicks CDP, New York: Summary level: 160, state:36> place:13662",1366,998,368
"Chenango Bridge CDP, New York: Summary level: 160, state:36> place:15121",2916,2544,372
"Clarkson CDP, New York: Summary level: 160, state:36> place:15946",4340,3536,804
"Chazy CDP, New York: Summary level: 160, state:36> place:14102",523,503,20
"Chestertown CDP, New York: Summary level: 160, state:36> place:15363",509,325,184
"Clarence CDP, New York: Summary level: 160, state:36> place:15814",2485,1994,491
"Colton CDP, New York: Summary level: 160, state:36> place:17398",400,359,41
"Conesus Hamlet CDP, New York: Summary level: 160, state:36> place:17620",455,399,56
"Coopers Plains CDP, New York: Summary level: 160, state:36> place:18036",416,320,96
"Conesus Lake CDP, New York: Summary level: 160, state:36> place:17622",2374,1639,735
"Cranberry Lake CDP, New York: Summary level: 160, state:36> place:18817",165,137,28
"Cumminsville CDP, New York: Summary level: 160, state:36> place:19411",145,51,94
"Cuylerville CDP, New York: Summary level: 160, state:36> place:19510",226,144,82
"Crystal Beach CDP, New York: Summary level: 160, state:36> place:19308",791,629,162
"Dalton CDP, New York: Summary level: 160, state:36> place:19587",337,315,22
"Davenport Center CDP, New York: Summary level: 160, state:36> place:19774",222,166,56
"DeKalb Junction CDP, New York: Summary level: 160, state:36> place:20049",642,575,67
"Downsville CDP, New York: Summary level: 160, state:36> place:20852",472,341,131
"Durhamville CDP, New York: Summary level: 160, state:36> place:21226",966,878,88
"East Avon CDP, New York: Summary level: 160, state:36> place:21600",740,471,269
"Edmeston CDP, New York: Summary level: 160, state:36> place:23602",671,553,118
"Eggertsville CDP, New York: Summary level: 160, state:36> place:23701",15393,12428,2965
"Elizabethtown CDP, New York: Summary level: 160, state:36> place:23822",618,488,130
"Erin CDP, New York: Summary level: 160, state:36> place:24625",396,311,85
"Felts Mills CDP, New York: Summary level: 160, state:36> place:25571",396,338,58
"Fort Covington Hamlet CDP, New York: Summary level: 160, state:36> place:26752",1530,1384,146
"Fowlerville CDP, New York: Summary level: 160, state:36> place:27133",150,143,7
"Freedom Plains CDP, New York: Summary level: 160, state:36> place:27452",336,278,58
"Fishers Landing CDP, New York: Summary level: 160, state:36> place:25934",65,65,0
"Gates CDP, New York: Summary level: 160, state:36> place:28453",5035,4259,776
"Gilgo CDP, New York: Summary level: 160, state:36> place:28990",206,181,25
"Worcester CDP, New York: Summary level: 160, state:36> place:83118",930,771,159
"Glen Aubrey CDP, New York: Summary level: 160, state:36> place:29058",292,278,14
"Grandyle Village CDP, New York: Summary level: 160, state:36> place:29894",4873,4191,682
"Greigsville CDP, New York: Summary level: 160, state:36> place:30807",338,288,50
"Belle Terre village, New York: Summary level: 160, state:36> place:05672",681,633,48
"Bellport village, New York: Summary level: 160, state:36> place:05771",2003,1714,289
"Center Moriches CDP, New York: Summary level: 160, state:36> place:13420",8332,7577,755
"Deer Park CDP, New York: Summary level: 160, state:36> place:19972",27195,24207,2988
"Springs CDP, New York: Summary level: 160, state:36> place:70387",6912,5534,1378
"Terryville CDP, New York: Summary level: 160, state:36> place:73352",12279,11470,809
"Walton village, New York: Summary level: 160, state:36> place:78036",3141,2599,542
"Albany city, New York: Summary level: 160, state:36> place:01000",87475,54753,32722
"Hoosick Falls village, New York: Summary level: 160, state:36> place:35474",3348,2598,750
"New York city, New York: Summary level: 160, state:36> place:51000",8266644,6612885,1653759
"Bloomfield village, New York: Summary level: 160, state:36> place:06945",1447,1221,226
"Phelps village, New York: Summary level: 160, state:36> place:57518",1723,1407,316
"Falconer village, New York: Summary level: 160, state:36> place:25164",2391,1739,652
"Jamestown city, New York: Summary level: 160, state:36> place:38264",29048,22150,6898
"Silver Creek village, New York: Summary level: 160, state:36> place:67411",2335,1914,421
"Turin village, New York: Summary level: 160, state:36> place:75682",265,245,20
"Woodmere CDP, New York: Summary level: 160, state:36> place:82942",17171,16192,979
"Plandome Manor village, New York: Summary level: 160, state:36> place:58497",785,734,51
"South Floral Park village, New York: Summary level: 160, state:36> place:69023",1986,1797,189
"Westbury village, New York: Summary level: 160, state:36> place:79444",15251,13388,1863
"Woodsburgh village, New York: Summary level: 160, state:36> place:82986",755,697,58
"Clark Mills CDP, New York: Summary level: 160, state:36> place:15902",1588,1111,477
"Holland Patent village, New York: Summary level: 160, state:36> place:35144",338,252,86
"Oriskany Falls village, New York: Summary level: 160, state:36> place:55376",812,660,152
"Mechanicstown CDP, New York: Summary level: 160, state:36> place:46349",6756,5149,1607
"Tuxedo Park village, New York: Summary level: 160, state:36> place:75803",591,516,75
"Washingtonville village, New York: Summary level: 160, state:36> place:78465",5735,4959,776
"Phoenix village, New York: Summary level: 160, state:36> place:57661",2435,1920,515
"Sandy Creek village, New York: Summary level: 160, state:36> place:65068",789,660,129
"Balmville CDP, New York: Summary level: 160, state:36> place:04286",3073,2511,562
"Florida village, New York: Summary level: 160, state:36> place:26319",2836,2475,361
"Greenwood Lake village, New York: Summary level: 160, state:36> place:30752",3094,2520,574
"Middletown city, New York: Summary level: 160, state:36> place:47042",27213,22351,4862
"New Windsor CDP, New York: Summary level: 160, state:36> place:50837",9151,7535,1616
"Walden village, New York: Summary level: 160, state:36> place:77849",6689,5769,920
"West Point CDP, New York: Summary level: 160, state:36> place:80747",3466,3347,119
"Chester village, New York: Summary level: 160, state:36> place:15297",3968,3323,645
"Fishkill village, New York: Summary level: 160, state:36> place:25967",1957,1358,599
"Myers Corner CDP, New York: Summary level: 160, state:36> place:49363",6593,6227,366
"Pine Plains CDP, New York: Summary level: 160, state:36> place:58145",1347,1135,212
"Arlington CDP, New York: Summary level: 160, state:36> place:02616",2436,1736,700
"Philmont village, New York: Summary level: 160, state:36> place:57639",1165,851,314
"Brighton CDP, New York: Summary level: 160, state:36> place:08257",33833,24375,9458
"Rochester city, New York: Summary level: 160, state:36> place:63000",198114,140034,58080
"Stony Point CDP, New York: Summary level: 160, state:36> place:71663",12788,11317,1471
"Sidney village, New York: Summary level: 160, state:36> place:67334",4009,3205,804
"Upper Nyack village, New York: Summary level: 160, state:36> place:76386",1996,1747,249
"Elba village, New York: Summary level: 160, state:36> place:23745",645,593,52
"Hudson city, New York: Summary level: 160, state:36> place:35969",5649,3794,1855
"Stottville CDP, New York: Summary level: 160, state:36> place:71718",1353,1036,317
"Brockport village, New York: Summary level: 160, state:36> place:08466",5508,3538,1970
"Honeoye Falls village, New York: Summary level: 160, state:36> place:35364",2728,2076,652
"Village of the Branch village, New York: Summary level: 160, state:36> place:77519",1732,1594,138
"Delevan village, New York: Summary level: 160, state:36> place:20115",1000,820,180
"St. Bonaventure CDP, New York: Summary level: 160, state:36> place:64551",518,325,193
"Gloversville city, New York: Summary level: 160, state:36> place:29443",14694,11437,3257
"Mayfield village, New York: Summary level: 160, state:36> place:46206",795,693,102
"Sand Ridge CDP, New York: Summary level: 160, state:36> place:65024",557,426,131
"Vails Gate CDP, New York: Summary level: 160, state:36> place:76584",3113,2275,838
"Warwick village, New York: Summary level: 160, state:36> place:78355",6653,5471,1182
"Niverville CDP, New York: Summary level: 160, state:36> place:51297",1262,1043,219
"Irondequoit CDP, New York: Summary level: 160, state:36> place:37737",49573,39400,10173
"Scottsville village, New York: Summary level: 160, state:36> place:65959",1994,1691,303
"Blauvelt CDP, New York: Summary level: 160, state:36> place:06860",5198,4948,250
"Chestnut Ridge village, New York: Summary level: 160, state:36> place:15400",7874,7259,615
"Haverstraw village, New York: Summary level: 160, state:36> place:32754",11711,10488,1223
"Kaser village, New York: Summary level: 160, state:36> place:38934",5179,5166,13
"Montebello village, New York: Summary level: 160, state:36> place:48090",4571,3900,671
"New City CDP, New York: Summary level: 160, state:36> place:50100",34279,31708,2571
"Pomona village, New York: Summary level: 160, state:36> place:58992",2928,2632,296
"Heuvelton village, New York: Summary level: 160, state:36> place:34264",719,585,134
"Dolgeville village, New York: Summary level: 160, state:36> place:20731",2559,2098,461
"Herkimer village, New York: Summary level: 160, state:36> place:34121",6220,4654,1566
"Middleville village, New York: Summary level: 160, state:36> place:47108",570,493,77
"Beacon city, New York: Summary level: 160, state:36> place:05100",13216,10397,2819
"Victor village, New York: Summary level: 160, state:36> place:77376",2712,2268,444
"Schaghticoke village, New York: Summary level: 160, state:36> place:65475",647,527,120
"Wynantskill CDP, New York: Summary level: 160, state:36> place:83349",3328,2735,593
"Union Springs village, New York: Summary level: 160, state:36> place:76155",1127,982,145
"Colonie village, New York: Summary level: 160, state:36> place:17332",7784,6365,1419
"Weston Mills CDP, New York: Summary level: 160, state:36> place:80632",1365,1069,296
"Clayton village, New York: Summary level: 160, state:36> place:16089",2004,1599,405
"Deferiet village, New York: Summary level: 160, state:36> place:19994",300,247,53
"Depauville CDP, New York: Summary level: 160, state:36> place:20302",382,311,71
"Evans Mills village, New York: Summary level: 160, state:36> place:24823",456,348,108
"Port Ewen CDP, New York: Summary level: 160, state:36> place:59311",3434,2859,575
"Saugerties South CDP, New York: Summary level: 160, state:36> place:65310",1796,1395,401
"Stone Ridge CDP, New York: Summary level: 160, state:36> place:71597",1156,1025,131
"Wallkill CDP, New York: Summary level: 160, state:36> place:78003",2050,1732,318
"West Hurley CDP, New York: Summary level: 160, state:36> place:80291",1858,1517,341
"Woodstock CDP, New York: Summary level: 160, state:36> place:83041",2113,1383,730
"Cambridge village, New York: Summary level: 160, state:36> place:11825",1800,1342,458
"Hudson Falls village, New York: Summary level: 160, state:36> place:35980",7086,5573,1513
"Waterford village, New York: Summary level: 160, state:36> place:78520",2086,1585,501
"Lake George village, New York: Summary level: 160, state:36> place:40508",1027,765,262
"Chateaugay village, New York: Summary level: 160, state:36> place:13981",715,575,140
"Malone village, New York: Summary level: 160, state:36> place:44710",5417,4257,1160
"Aquebogue CDP, New York: Summary level: 160, state:36> place:02374",1673,1307,366
"Bridgehampton CDP, New York: Summary level: 160, state:36> place:08136",1320,1065,255
"Little Valley village, New York: Summary level: 160, state:36> place:42829",1020,809,211
"Centerport CDP, New York: Summary level: 160, state:36> place:13442",5251,4633,618
"Dix Hills CDP, New York: Summary level: 160, state:36> place:20687",26488,25435,1053
"West Babylon CDP, New York: Summary level: 160, state:36> place:79246",42283,37956,4327
"Brownville village, New York: Summary level: 160, state:36> place:10231",1040,911,129
"North Lindenhurst CDP, New York: Summary level: 160, state:36> place:53198",10568,9335,1233
"Riverhead CDP, New York: Summary level: 160, state:36> place:61973",13599,10893,2706
"South Huntington CDP, New York: Summary level: 160, state:36> place:69254",9766,8614,1152
"Shinnecock Hills CDP, New York: Summary level: 160, state:36> place:67048",2325,1759,566
"Flanders CDP, New York: Summary level: 160, state:36> place:26121",4753,4120,633
"Fort Edward village, New York: Summary level: 160, state:36> place:26770",3277,2666,611
"Stillwater village, New York: Summary level: 160, state:36> place:71322",1954,1671,283
"West Glens Falls CDP, New York: Summary level: 160, state:36> place:80082",6888,5772,1116
"Great River CDP, New York: Summary level: 160, state:36> place:30235",1373,1301,72
"Hauppauge CDP, New York: Summary level: 160, state:36> place:32732",19429,17212,2217
"Lindenhurst village, New York: Summary level: 160, state:36> place:42554",27015,24274,2741
"Oakfield village, New York: Summary level: 160, state:36> place:54155",1696,1408,288
"Briarcliff Manor village, New York: Summary level: 160, state:36> place:08103",7193,6645,548
"Bronxville village, New York: Summary level: 160, state:36> place:08532",6140,5385,755
"Centre Island village, New York: Summary level: 160, state:36> place:13618",472,400,72
"Chittenango village, New York: Summary level: 160, state:36> place:15561",4835,4190,645
"Larchmont village, New York: Summary level: 160, state:36> place:41333",6082,5560,522
"Mount Kisco village, New York: Summary level: 160, state:36> place:48890",10819,8803,2016
"Pleasantville village, New York: Summary level: 160, state:36> place:58728",6837,5865,972
"Atlantic Beach village, New York: Summary level: 160, state:36> place:02968",1398,1213,185
"Baldwin CDP, New York: Summary level: 160, state:36> place:04143",25067,23084,1983
"Cedarhurst village, New York: Summary level: 160, state:36> place:13233",6656,6123,533
"East Massapequa CDP, New York: Summary level: 160, state:36> place:22480",18130,15850,2280
"Garden City South CDP, New York: Summary level: 160, state:36> place:28200",4317,3950,367
"Great Neck village, New York: Summary level: 160, state:36> place:30169",10189,9518,671
"Kings Point village, New York: Summary level: 160, state:36> place:39694",4602,4448,154
"Peru CDP, New York: Summary level: 160, state:36> place:57364",1421,1170,251
"Plattsburgh city, New York: Summary level: 160, state:36> place:58574",16290,10003,6287
"Watervliet city, New York: Summary level: 160, state:36> place:78674",10105,6969,3136
"East Hills village, New York: Summary level: 160, state:36> place:22260",7106,6835,271
"Farmingdale village, New York: Summary level: 160, state:36> place:25384",8639,6886,1753
"Glenwood Landing CDP, New York: Summary level: 160, state:36> place:29421",3910,3545,365
"Great Neck Gardens CDP, New York: Summary level: 160, state:36> place:30202",1183,1167,16
"Inwood CDP, New York: Summary level: 160, state:36> place:37583",9782,9018,764
"Massapequa Park village, New York: Summary level: 160, state:36> place:45997",17105,16126,979
"North New Hyde Park CDP, New York: Summary level: 160, state:36> place:53275",15716,15049,667
"Old Westbury village, New York: Summary level: 160, state:36> place:54705",3451,3248,203
"Plandome Heights village, New York: Summary level: 160, state:36> place:58486",949,904,45
"South Hempstead CDP, New York: Summary level: 160, state:36> place:69188",3123,2917,206
"Margaretville village, New York: Summary level: 160, state:36> place:45557",470,335,135
"South Valley Stream CDP, New York: Summary level: 160, state:36> place:69892",6923,6631,292
"Upper Brookville village, New York: Summary level: 160, state:36> place:76331",1602,1523,79
"Williston Park village, New York: Summary level: 160, state:36> place:82117",7278,6594,684
"Woodbury CDP, New York: Summary level: 160, state:36> place:82744",7580,6745,835
"New York Mills village, New York: Summary level: 160, state:36> place:51011",3373,2440,933
"Oriskany village, New York: Summary level: 160, state:36> place:55365",1170,843,327
"Rome city, New York: Summary level: 160, state:36> place:63418",29998,23598,6400
"Fayetteville village, New York: Summary level: 160, state:36> place:25527",4126,3596,530
"Canton village, New York: Summary level: 160, state:36> place:12331",3092,2004,1088
"Bardonia CDP, New York: Summary level: 160, state:36> place:04396",3839,3429,410
"Piermont village, New York: Summary level: 160, state:36> place:57749",2538,1885,653
"Sloatsburg village, New York: Summary level: 160, state:36> place:67708",3111,2751,360
"Massena village, New York: Summary level: 160, state:36> place:46019",9848,7449,2399
"Potsdam village, New York: Summary level: 160, state:36> place:59564",4471,2823,1648
"Unadilla village, New York: Summary level: 160, state:36> place:76001",1074,888,186
"Highland CDP, New York: Summary level: 160, state:36> place:34484",5315,4338,977
"Lincoln Park CDP, New York: Summary level: 160, state:36> place:42488",2126,1507,619
"Marlboro CDP, New York: Summary level: 160, state:36> place:45700",3565,2942,623
"New Paltz village, New York: Summary level: 160, state:36> place:50551",4253,1524,2729
"Pine Hill CDP, New York: Summary level: 160, state:36> place:58057",166,94,72
"Deposit village, New York: Summary level: 160, state:36> place:20346",1685,1393,292
"Corinth village, New York: Summary level: 160, state:36> place:18212",2504,2163,341
"North Ballston Spa CDP, New York: Summary level: 160, state:36> place:51467",1532,1121,411
"East Greenbush CDP, New York: Summary level: 160, state:36> place:22106",4596,3991,605
"Thornwood CDP, New York: Summary level: 160, state:36> place:73715",4045,3784,261
"White Plains city, New York: Summary level: 160, state:36> place:81677",56683,44953,11730
"Canajoharie village, New York: Summary level: 160, state:36> place:12111",1820,1391,429
"Duane Lake CDP, New York: Summary level: 160, state:36> place:20989",260,247,13
"East Glenville CDP, New York: Summary level: 160, state:36> place:22084",6145,5208,937
"Scotia village, New York: Summary level: 160, state:36> place:65893",7701,6053,1648
"Northville village, New York: Summary level: 160, state:36> place:53770",1202,1016,186
"Cleveland village, New York: Summary level: 160, state:36> place:16188",679,540,139
"Mexico village, New York: Summary level: 160, state:36> place:46811",1561,1267,294
"Monticello village, New York: Summary level: 160, state:36> place:48175",6132,4927,1205
"Goshen village, New York: Summary level: 160, state:36> place:29542",5193,4216,977
"Highland Falls village, New York: Summary level: 160, state:36> place:34495",3827,2915,912
"Maybrook village, New York: Summary level: 160, state:36> place:46162",3368,2752,616
"Lacona village, New York: Summary level: 160, state:36> place:40200",731,557,174
"Minetto CDP, New York: Summary level: 160, state:36> place:47680",1032,782,250
"Liberty village, New York: Summary level: 160, state:36> place:42224",3968,3254,714
"Monroe village, New York: Summary level: 160, state:36> place:47988",8541,8098,443
"Smallwood CDP, New York: Summary level: 160, state:36> place:67730",615,504,111
"Wurtsboro village, New York: Summary level: 160, state:36> place:83272",1104,924,180
"Montgomery village, New York: Summary level: 160, state:36> place:48142",4537,4055,482
"Newburgh city, New York: Summary level: 160, state:36> place:50034",27346,22859,4487
"Unionville village, New York: Summary level: 160, state:36> place:76210",717,633,84
"Washington Heights CDP, New York: Summary level: 160, state:36> place:78421",2337,2150,187
"Verplanck CDP, New York: Summary level: 160, state:36> place:77211",1305,1140,165
"Phoenicia CDP, New York: Summary level: 160, state:36> place:57650",249,116,133
"Athens village, New York: Summary level: 160, state:36> place:02902",1542,1208,334
"Accord CDP, New York: Summary level: 160, state:36> place:00155",508,448,60
"Napanoch CDP, New York: Summary level: 160, state:36> place:49418",1004,717,287
"Head of the Harbor village, New York: Summary level: 160, state:36> place:32963",1463,1279,184
"Saratoga Springs city, New York: Summary level: 160, state:36> place:65255",24938,17893,7045
"Owego village, New York: Summary level: 160, state:36> place:55882",3721,2870,851
"Fort Ann village, New York: Summary level: 160, state:36> place:26704",343,270,73
"Lake Success village, New York: Summary level: 160, state:36> place:40937",2580,2492,88
"Pottersville CDP, New York: Summary level: 160, state:36> place:59619",274,220,54
"Prattsburgh CDP, New York: Summary level: 160, state:36> place:59708",937,825,112
"Prattsville CDP, New York: Summary level: 160, state:36> place:59740",199,150,49
"Pultneyville CDP, New York: Summary level: 160, state:36> place:59993",660,577,83
"Retsof CDP, New York: Summary level: 160, state:36> place:61236",164,151,13
"Rhinecliff CDP, New York: Summary level: 160, state:36> place:61368",454,402,52
"Rodman CDP, New York: Summary level: 160, state:36> place:63330",182,178,4
"Romulus CDP, New York: Summary level: 160, state:36> place:63429",401,347,54
"Rosendale Hamlet CDP, New York: Summary level: 160, state:36> place:63742",1078,789,289
"St. Regis Falls CDP, New York: Summary level: 160, state:36> place:64716",452,408,44
"Salisbury Mills CDP, New York: Summary level: 160, state:36> place:64859",305,305,0
"Salt Point CDP, New York: Summary level: 160, state:36> place:64892",147,128,19
"Sanborn CDP, New York: Summary level: 160, state:36> place:64958",1129,796,333
"Savannah CDP, New York: Summary level: 160, state:36> place:65332",585,517,68
"Schroon Lake CDP, New York: Summary level: 160, state:36> place:65640",699,574,125
"Scio CDP, New York: Summary level: 160, state:36> place:65761",595,531,64
"Rushford CDP, New York: Summary level: 160, state:36> place:64155",462,407,55
"Scottsburg CDP, New York: Summary level: 160, state:36> place:65926",99,92,7
"Smithville Flats CDP, New York: Summary level: 160, state:36> place:68088",365,310,55
"South Lima CDP, New York: Summary level: 160, state:36> place:69364",239,223,16
"Sparkill CDP, New York: Summary level: 160, state:36> place:70068",1785,1628,157
"Springwater Hamlet CDP, New York: Summary level: 160, state:36> place:70477",397,326,71
"Stony Brook University CDP, New York: Summary level: 160, state:36> place:71620",50,47,3
"Strykersville CDP, New York: Summary level: 160, state:36> place:71817",681,564,117
"Sunset Bay CDP, New York: Summary level: 160, state:36> place:72246",503,314,189
"SUNY Oswego CDP, New York: Summary level: 160, state:36> place:72327",7,0,7
"Thousand Island Park CDP, New York: Summary level: 160, state:36> place:73726",64,50,14
"Three Mile Bay CDP, New York: Summary level: 160, state:36> place:73737",215,172,43
"Titusville CDP, New York: Summary level: 160, state:36> place:74017",562,483,79
"Tuscarora CDP, New York: Summary level: 160, state:36> place:75726",69,69,0
"University at Buffalo CDP, New York: Summary level: 160, state:36> place:76280",262,159,103
"Verona CDP, New York: Summary level: 160, state:36> place:77167",952,867,85
"Wadsworth CDP, New York: Summary level: 160, state:36> place:77783",341,299,42
"Wanakah CDP, New York: Summary level: 160, state:36> place:78124",2904,2457,447
"Washington Mills CDP, New York: Summary level: 160, state:36> place:78454",1593,1163,430
"Websters Crossing CDP, New York: Summary level: 160, state:36> place:78982",34,34,0
"West Chazy CDP, New York: Summary level: 160, state:36> place:79543",489,390,99
"Westmoreland CDP, New York: Summary level: 160, state:36> place:80522",787,738,49
"Bliss CDP, New York: Summary level: 160, state:36> place:06904",521,402,119
"Port Gibson CDP, New York: Summary level: 160, state:36> place:59322",363,281,82
"Busti CDP, New York: Summary level: 160, state:36> place:11440",334,296,38
"Byersville CDP, New York: Summary level: 160, state:36> place:11550",29,19,10
"Blodgett Mills CDP, New York: Summary level: 160, state:36> place:06937",236,204,32
"Bolton Landing CDP, New York: Summary level: 160, state:36> place:07245",507,346,161
"Breesport CDP, New York: Summary level: 160, state:36> place:08004",614,585,29
"Tuckahoe CDP, New York: Summary level: 160, state:36> place:75572",948,777,171
"Millport village, New York: Summary level: 160, state:36> place:47427",443,379,64
"Richville village, New York: Summary level: 160, state:36> place:61621",282,250,32
"Red Creek village, New York: Summary level: 160, state:36> place:60829",684,634,50
"Wolcott village, New York: Summary level: 160, state:36> place:82678",1682,1236,446
"Wappingers Falls village, New York: Summary level: 160, state:36> place:78168",5551,4531,1020
"Alexander village, New York: Summary level: 160, state:36> place:01154",589,456,133
"West Sayville CDP, New York: Summary level: 160, state:36> place:80885",4724,4384,340
"Wheatley Heights CDP, New York: Summary level: 160, state:36> place:81419",4862,4617,245
"Chappaqua CDP, New York: Summary level: 160, state:36> place:13805",1459,1344,115
"Frankfort village, New York: Summary level: 160, state:36> place:27188",2376,1931,445
"Ilion village, New York: Summary level: 160, state:36> place:37275",7715,6215,1500
"Kensington village, New York: Summary level: 160, state:36> place:39309",1184,1085,99
"Niagara Falls city, New York: Summary level: 160, state:36> place:51055",48288,36792,11496
"North Tonawanda city, New York: Summary level: 160, state:36> place:53682",30429,23650,6779
"Ransomville CDP, New York: Summary level: 160, state:36> place:60598",1601,1432,169
"Hewlett Bay Park village, New York: Summary level: 160, state:36> place:34297",366,336,30
"Hewlett Harbor village, New York: Summary level: 160, state:36> place:34308",1090,1016,74
"Lake Placid village, New York: Summary level: 160, state:36> place:40761",2185,1498,687
"Canandaigua city, New York: Summary level: 160, state:36> place:12144",10162,7369,2793
"Manchester village, New York: Summary level: 160, state:36> place:44853",1786,1399,387
"Cato village, New York: Summary level: 160, state:36> place:12958",665,590,75
"Moravia village, New York: Summary level: 160, state:36> place:48296",1308,1082,226
"East Williston village, New York: Summary level: 160, state:36> place:23217",2576,2448,128
"Flower Hill village, New York: Summary level: 160, state:36> place:26352",4769,4502,267
"Chaumont village, New York: Summary level: 160, state:36> place:14036",813,676,137
"Fort Drum CDP, New York: Summary level: 160, state:36> place:26759",9736,9254,482
"Mannsville village, New York: Summary level: 160, state:36> place:45073",351,293,58
"Nelliston village, New York: Summary level: 160, state:36> place:49748",565,451,114
"Firthcliffe CDP, New York: Summary level: 160, state:36> place:25857",5139,4290,849
"Seaford CDP, New York: Summary level: 160, state:36> place:66058",15051,13583,1468
"Wyoming village, New York: Summary level: 160, state:36> place:83371",383,326,57
"Brewster Hill CDP, New York: Summary level: 160, state:36> place:08092",1945,1728,217
"Hammond village, New York: Summary level: 160, state:36> place:31830",242,196,46
"Harrisville village, New York: Summary level: 160, state:36> place:32424",613,466,147
"Clinton village, New York: Summary level: 160, state:36> place:16419",1626,1226,400
"Alden village, New York: Summary level: 160, state:36> place:01088",2562,2025,537
"Sodus Point village, New York: Summary level: 160, state:36> place:68242",893,660,233
"Hillside Lake CDP, New York: Summary level: 160, state:36> place:34803",1045,976,69
"Churchville village, New York: Summary level: 160, state:36> place:15638",2215,1909,306
"West Nyack CDP, New York: Summary level: 160, state:36> place:80599",3829,3438,391
"Cold Brook village, New York: Summary level: 160, state:36> place:16815",344,305,39
"Chatham village, New York: Summary level: 160, state:36> place:14003",1639,1294,345
"Spencerport village, New York: Summary level: 160, state:36> place:70189",3576,3010,566
"Sayville CDP, New York: Summary level: 160, state:36> place:65409",15452,13673,1779
"Wading River CDP, New York: Summary level: 160, state:36> place:77772",7870,7474,396
"Argyle village, New York: Summary level: 160, state:36> place:02550",555,488,67
"Northampton CDP, New York: Summary level: 160, state:36> place:51418",603,559,44
"Allegany village, New York: Summary level: 160, state:36> place:01286",1922,1356,566
"Sag Harbor village, New York: Summary level: 160, state:36> place:64485",2142,1461,681
"Franklinville village, New York: Summary level: 160, state:36> place:27331",1548,1301,247
"Hillside CDP, New York: Summary level: 160, state:36> place:34786",831,748,83
"North Collins village, New York: Summary level: 160, state:36> place:51792",1215,994,221
"East Atlantic Beach CDP, New York: Summary level: 160, state:36> place:21578",1971,1484,487
"Malverne Park Oaks CDP, New York: Summary level: 160, state:36> place:44792",458,444,14
"Oceanside CDP, New York: Summary level: 160, state:36> place:54441",31026,28461,2565
"Adams village, New York: Summary level: 160, state:36> place:00199",1654,1382,272
"Ellisburg village, New York: Summary level: 160, state:36> place:24075",241,206,35
"Philadelphia village, New York: Summary level: 160, state:36> place:57551",1115,954,161
"Hobart village, New York: Summary level: 160, state:36> place:34979",453,379,74
"Theresa village, New York: Summary level: 160, state:36> place:73517",679,543,136
"Watertown city, New York: Summary level: 160, state:36> place:78608",25318,18798,6520
"Morris village, New York: Summary level: 160, state:36> place:48483",530,409,121
"Otego village, New York: Summary level: 160, state:36> place:55618",904,701,203
"Castleton-on-Hudson village, New York: Summary level: 160, state:36> place:12870",1295,1049,246
"Hampton Manor CDP, New York: Summary level: 160, state:36> place:31918",2233,1735,498
"Poestenkill CDP, New York: Summary level: 160, state:36> place:58794",893,629,264
"Windham CDP, New York: Summary level: 160, state:36> place:82469",287,223,64
"Wilson village, New York: Summary level: 160, state:36> place:82359",1099,880,219
"Mariaville Lake CDP, New York: Summary level: 160, state:36> place:45573",370,297,73
"Altona CDP, New York: Summary level: 160, state:36> place:01572",269,230,39
"Parc CDP, New York: Summary level: 160, state:36> place:56291",43,10,33
"Brewster village, New York: Summary level: 160, state:36> place:08070",2058,1458,600
"Afton village, New York: Summary level: 160, state:36> place:00342",986,776,210
"Smyrna village, New York: Summary level: 160, state:36> place:68099",230,178,52
"Oneida city, New York: Summary level: 160, state:36> place:54837",10773,8174,2599
"Sea Cliff village, New York: Summary level: 160, state:36> place:66047",4974,4467,507
"Valley Stream village, New York: Summary level: 160, state:36> place:76705",37565,34825,2740
"Cazenovia village, New York: Summary level: 160, state:36> place:13145",1928,1373,555
"Earlville village, New York: Summary level: 160, state:36> place:21523",1153,1049,104
"Cortland city, New York: Summary level: 160, state:36> place:18388",15765,10437,5328
"Albertson CDP, New York: Summary level: 160, state:36> place:01011",5246,4789,457
"Bath village, New York: Summary level: 160, state:36> place:04759",5492,3719,1773
"South Corning village, New York: Summary level: 160, state:36> place:68847",1157,871,286
"Wayland village, New York: Summary level: 160, state:36> place:78850",1776,1479,297
"Tully village, New York: Summary level: 160, state:36> place:75627",1052,868,184
"Marcellus village, New York: Summary level: 160, state:36> place:45480",1893,1498,395
"Syracuse city, New York: Summary level: 160, state:36> place:73000",128390,90924,37466
"Warsaw village, New York: Summary level: 160, state:36> place:78333",3157,2177,980
"Cohocton village, New York: Summary level: 160, state:36> place:16727",882,785,97
"Hammondsport village, New York: Summary level: 160, state:36> place:31852",489,352,137
"Northeast Ithaca CDP, New York: Summary level: 160, state:36> place:51915",2863,2134,729
"Schenectady city, New York: Summary level: 160, state:36> place:65508",61935,47198,14737
"Fulton city, New York: Summary level: 160, state:36> place:27815",11312,9180,2132
"Hannibal village, New York: Summary level: 160, state:36> place:32017",511,439,72
"Jeffersonville village, New York: Summary level: 160, state:36> place:38506",344,220,124
"Livingston Manor CDP, New York: Summary level: 160, state:36> place:42928",1223,1002,221
"Dresden village, New York: Summary level: 160, state:36> place:20896",331,271,60
"Whitehall village, New York: Summary level: 160, state:36> place:81622",2274,1823,451
"Nesconset CDP, New York: Summary level: 160, state:36> place:49825",13647,12736,911
"New Suffolk CDP, New York: Summary level: 160, state:36> place:50727",212,151,61
"North Amityville CDP, New York: Summary level: 160, state:36> place:51396",18631,16698,1933
"Roslyn village, New York: Summary level: 160, state:36> place:63770",2599,1847,752
"Dansville village, New York: Summary level: 160, state:36> place:19664",4493,3487,1006
"Nunda village, New York: Summary level: 160, state:36> place:54078",1172,901,271
"Leeds CDP, New York: Summary level: 160, state:36> place:41784",433,433,0
"Fairview CDP (Westchester County), New York: Summary level: 160, state:36> place:25120",3184,2940,244
"Coxsackie village, New York: Summary level: 160, state:36> place:18718",2680,2060,620
"Hunter village, New York: Summary level: 160, state:36> place:36167",478,264,214
"Glasco CDP, New York: Summary level: 160, state:36> place:29014",2588,2279,309
"Kingston city, New York: Summary level: 160, state:36> place:39727",22494,17411,5083
"Plattekill CDP, New York: Summary level: 160, state:36> place:58541",969,859,110
"Natural Bridge CDP, New York: Summary level: 160, state:36> place:49605",306,249,57
"Laurens village, New York: Summary level: 160, state:36> place:41520",180,150,30
"Ellenville village, New York: Summary level: 160, state:36> place:23965",3969,3297,672
"Gardiner CDP, New York: Summary level: 160, state:36> place:28244",698,552,146
"Hurley CDP, New York: Summary level: 160, state:36> place:37132",3143,2500,643
"Shokan CDP, New York: Summary level: 160, state:36> place:67081",1200,1086,114
"Zena CDP, New York: Summary level: 160, state:36> place:84187",1111,985,126
"Averill Park CDP, New York: Summary level: 160, state:36> place:03320",1330,1028,302
"Rensselaer city, New York: Summary level: 160, state:36> place:61148",9265,6794,2471
"Oxford village, New York: Summary level: 160, state:36> place:55948",1407,1059,348
"Bayville village, New York: Summary level: 160, state:36> place:05034",6639,5977,662
"Bethpage CDP, New York: Summary level: 160, state:36> place:06387",17180,15568,1612
"Carle Place CDP, New York: Summary level: 160, state:36> place:12419",4867,4400,467
"Rifton CDP, New York: Summary level: 160, state:36> place:61797",231,179,52
"Saugerties village, New York: Summary level: 160, state:36> place:65288",3791,2746,1045
"Walker Valley CDP, New York: Summary level: 160, state:36> place:77948",1215,1202,13
"Geneva city, New York: Summary level: 160, state:36> place:28640",10534,7870,2664
"Bolivar village, New York: Summary level: 160, state:36> place:07190",965,751,214
"Cuba village, New York: Summary level: 160, state:36> place:19356",1478,1228,250
"Wellsville village, New York: Summary level: 160, state:36> place:79092",4346,3073,1273
"Green Island village, New York: Summary level: 160, state:36> place:30521",2591,1854,737
"Sloan village, New York: Summary level: 160, state:36> place:67686",3584,2735,849
"Aurora village, New York: Summary level: 160, state:36> place:03188",232,181,51
"Cayuga village, New York: Summary level: 160, state:36> place:13068",489,385,104
"Weedsport village, New York: Summary level: 160, state:36> place:79015",1837,1472,365
"Mooers CDP, New York: Summary level: 160, state:36> place:48241",420,342,78
"Lakeland CDP, New York: Summary level: 160, state:36> place:40607",2514,2101,413
"Skaneateles village, New York: Summary level: 160, state:36> place:67510",2379,1954,425
"Warrensburg CDP, New York: Summary level: 160, state:36> place:78289",3193,2495,698
"Little Falls city, New York: Summary level: 160, state:36> place:42741",4608,3664,944
"Newport village, New York: Summary level: 160, state:36> place:50573",531,371,160
"Copake Lake CDP, New York: Summary level: 160, state:36> place:18124",580,547,33
"Granville village, New York: Summary level: 160, state:36> place:30026",2450,1785,665
"Victory village, New York: Summary level: 160, state:36> place:77431",604,507,97
"Bay Shore CDP, New York: Summary level: 160, state:36> place:04935",30417,27272,3145
"Calverton CDP, New York: Summary level: 160, state:36> place:11781",7112,5247,1865
"Commack CDP, New York: Summary level: 160, state:36> place:17530",36395,33781,2614
"Dering Harbor village, New York: Summary level: 160, state:36> place:20379",0,0,0
"East Hampton village, New York: Summary level: 160, state:36> place:22183",1034,781,253
"Islandia village, New York: Summary level: 160, state:36> place:37840",3260,2930,330
"Lake Grove village, New York: Summary level: 160, state:36> place:40530",11112,10108,1004
"Laurel CDP, New York: Summary level: 160, state:36> place:41465",1052,1010,42
"Middle Island CDP, New York: Summary level: 160, state:36> place:46976",9919,8041,1878
"North Babylon CDP, New York: Summary level: 160, state:36> place:51440",16674,14455,2219
"North Bellport CDP, New York: Summary level: 160, state:36> place:51528",11593,10426,1167
"Ocean Beach village, New York: Summary level: 160, state:36> place:54430",24,16,8
"Endicott village, New York: Summary level: 160, state:36> place:24515",12410,9295,3115
"Endwell CDP, New York: Summary level: 160, state:36> place:24526",11600,9265,2335
"Amenia CDP, New York: Summary level: 160, state:36> place:01682",1107,943,164
"Brinckerhoff CDP, New York: Summary level: 160, state:36> place:08334",2430,2136,294
"Dover Plains CDP, New York: Summary level: 160, state:36> place:20841",992,696,296
"Fairview CDP (Dutchess County), New York: Summary level: 160, state:36> place:25109",4544,3766,778
"Millerton village, New York: Summary level: 160, state:36> place:47361",857,611,246
"Staatsburg CDP, New York: Summary level: 160, state:36> place:70552",403,345,58
"Avon village, New York: Summary level: 160, state:36> place:03353",3189,2693,496
"Mattituck CDP, New York: Summary level: 160, state:36> place:46140",4693,4084,609
"Melville CDP, New York: Summary level: 160, state:36> place:46514",17493,15401,2092
"Liverpool village, New York: Summary level: 160, state:36> place:42884",2147,1526,621
"Mattydale CDP, New York: Summary level: 160, state:36> place:46151",6097,4904,1193
"Glen Head CDP, New York: Summary level: 160, state:36> place:29245",4960,4524,436
"Great Neck Plaza village, New York: Summary level: 160, state:36> place:30213",6762,4368,2394
"Laurel Hollow village, New York: Summary level: 160, state:36> place:41487",1899,1791,108
"Long Beach city, New York: Summary level: 160, state:36> place:43335",32487,24511,7976
"Muttontown village, New York: Summary level: 160, state:36> place:49330",3655,3437,218
"North Lynbrook CDP, New York: Summary level: 160, state:36> place:53231",417,397,20
"North Wantagh CDP, New York: Summary level: 160, state:36> place:53792",11782,10704,1078
"Old Bethpage CDP, New York: Summary level: 160, state:36> place:54551",5485,4998,487
"Greenlawn CDP, New York: Summary level: 160, state:36> place:30543",13669,12342,1327
"Brentwood CDP, New York: Summary level: 160, state:36> place:08026",61761,58362,3399
"Cutchogue CDP, New York: Summary level: 160, state:36> place:19466",3138,2755,383
"Eastport CDP, New York: Summary level: 160, state:36> place:22810",1952,1719,233
"Napeague CDP, New York: Summary level: 160, state:36> place:49424",112,95,17
"North Patchogue CDP, New York: Summary level: 160, state:36> place:53319",7527,6715,812
"Northport village, New York: Summary level: 160, state:36> place:53396",7294,6178,1116
"West Islip CDP, New York: Summary level: 160, state:36> place:80302",26687,24537,2150
"Wyandanch CDP, New York: Summary level: 160, state:36> place:83294",11570,10943,627
"Armonk CDP, New York: Summary level: 160, state:36> place:02649",4380,4109,271
"Crompond CDP, New York: Summary level: 160, state:36> place:19092",2178,2032,146
"Dobbs Ferry village, New York: Summary level: 160, state:36> place:20698",9880,8693,1187
"Asharoken village, New York: Summary level: 160, state:36> place:02737",443,396,47
"Baiting Hollow CDP, New York: Summary level: 160, state:36> place:04055",1636,1388,248
"Marathon village, New York: Summary level: 160, state:36> place:45392",843,709,134
"Baldwin Harbor CDP, New York: Summary level: 160, state:36> place:04154",7668,7063,605
"Altamont village, New York: Summary level: 160, state:36> place:01517",1732,1439,293
"Blasdell village, New York: Summary level: 160, state:36> place:06849",2623,1969,654
"Buffalo city, New York: Summary level: 160, state:36> place:11000",248500,179248,69252
"Kenmore village, New York: Summary level: 160, state:36> place:39232",15175,11467,3708
"Valhalla CDP, New York: Summary level: 160, state:36> place:76639",3551,3205,346
"Lincolndale CDP, New York: Summary level: 160, state:36> place:42455",1475,1298,177
"New Rochelle city, New York: Summary level: 160, state:36> place:50617",75962,64803,11159
"Peach Lake CDP, New York: Summary level: 160, state:36> place:56869",1804,1598,206
"Perry village, New York: Summary level: 160, state:36> place:57243",3525,2938,587
"Dryden village, New York: Summary level: 160, state:36> place:20951",2069,1686,383
"Fonda village, New York: Summary level: 160, state:36> place:26462",835,702,133
"St. Johnsville village, New York: Summary level: 160, state:36> place:64639",1793,1483,310
"Constantia CDP, New York: Summary level: 160, state:36> place:17893",1177,866,311
"Angola on the Lake CDP, New York: Summary level: 160, state:36> place:02220",1799,1430,369
"Baxter Estates village, New York: Summary level: 160, state:36> place:04803",1065,862,203
"Stannards CDP, New York: Summary level: 160, state:36> place:70717",586,450,136
"Williamsville village, New York: Summary level: 160, state:36> place:82084",5059,3664,1395
"Bridgewater CDP, New York: Summary level: 160, state:36> place:08169",529,481,48
"Clifton Springs village, New York: Summary level: 160, state:36> place:16375",2163,1678,485
"Huntington CDP, New York: Summary level: 160, state:36> place:36233",17179,13944,3235
"Huntington Station CDP, New York: Summary level: 160, state:36> place:37044",33065,29542,3523
"Lloyd Harbor village, New York: Summary level: 160, state:36> place:43005",3642,3504,138
"Northville CDP, New York: Summary level: 160, state:36> place:53775",1429,1350,79
"Northwest Harbor CDP, New York: Summary level: 160, state:36> place:53852",3503,2949,554
"Old Field village, New York: Summary level: 160, state:36> place:54617",800,726,74
"Setauket-East Setauket CDP, New York: Summary level: 160, state:36> place:66481",13365,11915,1450
"Wainscott CDP, New York: Summary level: 160, state:36> place:77805",287,248,39
"Cattaraugus village, New York: Summary level: 160, state:36> place:13024",951,789,162
"South Dayton village, New York: Summary level: 160, state:36> place:68891",673,551,122
"West Carthage village, New York: Summary level: 160, state:36> place:79499",1502,1112,390
"Speculator village, New York: Summary level: 160, state:36> place:70123",306,291,15
"Fleischmanns village, New York: Summary level: 160, state:36> place:26209",214,177,37
"Ballston Spa village, New York: Summary level: 160, state:36> place:04253",5175,4140,1035
"Milton CDP (Saratoga County), New York: Summary level: 160, state:36> place:47548",3111,2676,435
"Hewlett Neck village, New York: Summary level: 160, state:36> place:34319",456,442,14
"Jericho CDP, New York: Summary level: 160, state:36> place:38539",13671,12753,918
"Lawrence village, New York: Summary level: 160, state:36> place:41553",6527,5834,693
"Manorhaven village, New York: Summary level: 160, state:36> place:45106",6616,5614,1002
"Merrick CDP, New York: Summary level: 160, state:36> place:46668",19939,18571,1368
"Mineola village, New York: Summary level: 160, state:36> place:47636",19127,16177,2950
"New Cassel CDP, New York: Summary level: 160, state:36> place:50067",14625,13812,813
"North Hills village, New York: Summary level: 160, state:36> place:53022",5607,4732,875
"Jamestown West CDP, New York: Summary level: 160, state:36> place:38275",2320,1747,573
"Sinclairville village, New York: Summary level: 160, state:36> place:67488",797,705,92
"Castorland village, New York: Summary level: 160, state:36> place:12881",365,303,62
"Livonia village, New York: Summary level: 160, state:36> place:42950",1361,1130,231
"Norwood village, New York: Summary level: 160, state:36> place:54012",1581,1188,393
"Binghamton city, New York: Summary level: 160, state:36> place:06607",43719,29315,14404
"Whitney Point village, New York: Summary level: 160, state:36> place:81831",908,749,159
"Bergen village, New York: Summary level: 160, state:36> place:06046",1112,974,138
"West Hampton Dunes village, New York: Summary level: 160, state:36> place:80186",69,67,2
"Apalachin CDP, New York: Summary level: 160, state:36> place:02308",1144,907,237
"Newark Valley village, New York: Summary level: 160, state:36> place:49902",1095,988,107
"Cairo CDP, New York: Summary level: 160, state:36> place:11638",1015,840,175
"Palenville CDP, New York: Summary level: 160, state:36> place:56132",897,746,151
"Poland village, New York: Summary level: 160, state:36> place:58937",370,310,60
"Crown Heights CDP, New York: Summary level: 160, state:36> place:19229",2834,2421,413
"Haviland CDP, New York: Summary level: 160, state:36> place:32776",3226,2891,335
"Pawling village, New York: Summary level: 160, state:36> place:56814",2083,1630,453
"Red Oaks Mill CDP, New York: Summary level: 160, state:36> place:60983",3188,2796,392
"Hillcrest CDP, New York: Summary level: 160, state:36> place:34693",7204,6600,604
"Mount Ivy CDP, New York: Summary level: 160, state:36> place:48879",6894,5828,1066
"Preston-Potter Hollow CDP, New York: Summary level: 160, state:36> place:59831",289,243,46
"Shortsville village, New York: Summary level: 160, state:36> place:67257",1268,1057,211
"Gorham CDP, New York: Summary level: 160, state:36> place:29520",687,667,20
"Groveland Station CDP, New York: Summary level: 160, state:36> place:31022",260,225,35
"Guilford CDP, New York: Summary level: 160, state:36> place:31137",283,196,87
"Hailesboro CDP, New York: Summary level: 160, state:36> place:31346",761,699,62
"Hadley CDP, New York: Summary level: 160, state:36> place:31258",868,772,96
"Tillson CDP, New York: Summary level: 160, state:36> place:73902",1653,1462,191
"Saranac Lake village, New York: Summary level: 160, state:36> place:65233",5275,3776,1499
"Albion village, New York: Summary level: 160, state:36> place:01033",5279,4310,969
"Medina village, New York: Summary level: 160, state:36> place:46415",5602,4360,1242
"Baywood CDP, New York: Summary level: 160, state:36> place:05039",7337,6531,806
"Brightwaters village, New York: Summary level: 160, state:36> place:08323",3062,2761,301
"Brookhaven CDP, New York: Summary level: 160, state:36> place:09000",2914,2426,488
"East Patchogue CDP, New York: Summary level: 160, state:36> place:22733",22265,18835,3430
"Ames village, New York: Summary level: 160, state:36> place:01737",132,117,15
"Fultonville village, New York: Summary level: 160, state:36> place:27859",595,464,131
"Duanesburg CDP, New York: Summary level: 160, state:36> place:20995",435,406,29
"Fair Haven village, New York: Summary level: 160, state:36> place:24988",858,661,197
"Morrisonville CDP, New York: Summary level: 160, state:36> place:48538",1371,1211,160
"Rouses Point village, New York: Summary level: 160, state:36> place:63979",2172,1604,568
"Cohoes city, New York: Summary level: 160, state:36> place:16749",15768,11327,4441
"Plainview CDP, New York: Summary level: 160, state:36> place:58442",25675,23778,1897
"Port Washington North village, New York: Summary level: 160, state:36> place:59531",3201,2816,385
"Roslyn Harbor village, New York: Summary level: 160, state:36> place:63803",936,874,62
"Searingtown CDP, New York: Summary level: 160, state:36> place:66102",4547,4378,169
"Thomaston village, New York: Summary level: 160, state:36> place:73605",2617,2341,276
"Clayville village, New York: Summary level: 160, state:36> place:16111",247,204,43
"New Hartford village, New York: Summary level: 160, state:36> place:50298",1720,1356,364
"Vernon village, New York: Summary level: 160, state:36> place:77112",1125,885,240
"Whitesboro village, New York: Summary level: 160, state:36> place:81710",3651,2647,1004
"Fairmount CDP, New York: Summary level: 160, state:36> place:25043",9981,8297,1684
"Village Green CDP, New York: Summary level: 160, state:36> place:77513",3810,2689,1121
"Bay Park CDP, New York: Summary level: 160, state:36> place:04891",1614,1303,311
"McGraw village, New York: Summary level: 160, state:36> place:44193",871,722,149
"Munsons Corners CDP, New York: Summary level: 160, state:36> place:49242",2561,1886,675
"Barnum Island CDP, New York: Summary level: 160, state:36> place:04550",2188,1947,241
"Bellerose village, New York: Summary level: 160, state:36> place:05639",1178,1102,76
"Bellmore CDP, New York: Summary level: 160, state:36> place:05738",15683,14563,1120
"East Rockaway village, New York: Summary level: 160, state:36> place:22876",9649,8047,1602
"Garden City Park CDP, New York: Summary level: 160, state:36> place:28189",8074,7661,413
"Harbor Isle CDP, New York: Summary level: 160, state:36> place:32105",1163,1100,63
"Hicksville CDP, New York: Summary level: 160, state:36> place:34374",42557,39264,3293
"Lattingtown village, New York: Summary level: 160, state:36> place:41432",1817,1616,201
"Levittown CDP, New York: Summary level: 160, state:36> place:42081",51453,47611,3842
"Locust Valley CDP, New York: Summary level: 160, state:36> place:43192",3153,2643,510
"Lynbrook village, New York: Summary level: 160, state:36> place:43874",19532,17128,2404
"Manhasset CDP, New York: Summary level: 160, state:36> place:44897",7689,7025,664
"North Valley Stream CDP, New York: Summary level: 160, state:36> place:53748",19118,17537,1581
"Old Brookville village, New York: Summary level: 160, state:36> place:54562",1695,1591,104
"Oyster Bay CDP, New York: Summary level: 160, state:36> place:55992",6172,4857,1315
"Oswego city, New York: Summary level: 160, state:36> place:55574",16888,11536,5352
"Parish village, New York: Summary level: 160, state:36> place:56341",498,424,74
"Pulaski village, New York: Summary level: 160, state:36> place:59960",2088,1588,500
"Redwood CDP, New York: Summary level: 160, state:36> place:61016",624,548,76
"Sackets Harbor village, New York: Summary level: 160, state:36> place:64408",1642,1161,481
"Cheektowaga CDP, New York: Summary level: 160, state:36> place:15000",72542,55294,17248
"Nelsonville village, New York: Summary level: 160, state:36> place:49781",689,615,74
"Rye Brook village, New York: Summary level: 160, state:36> place:64325",9341,8571,770
"Tuckahoe village, New York: Summary level: 160, state:36> place:75583",6560,5193,1367
"Elma Center CDP, New York: Summary level: 160, state:36> place:24141",3038,2646,392
"Middleport village, New York: Summary level: 160, state:36> place:46998",1783,1437,346
"Avoca village, New York: Summary level: 160, state:36> place:03331",933,793,140
"Montauk CDP, New York: Summary level: 160, state:36> place:48054",3558,3217,341
"Bloomingburg village, New York: Summary level: 160, state:36> place:06959",392,325,67
"Rock Hill CDP, New York: Summary level: 160, state:36> place:63132",1417,1241,176
"South Fallsburg CDP, New York: Summary level: 160, state:36> place:68968",2495,2174,321
"Champlain village, New York: Summary level: 160, state:36> place:13739",1018,804,214
"Dannemora village, New York: Summary level: 160, state:36> place:19642",776,647,129
"Rushville village, New York: Summary level: 160, state:36> place:64199",626,475,151
"Newfane CDP, New York: Summary level: 160, state:36> place:50221",3590,3039,551
"Olcott CDP, New York: Summary level: 160, state:36> place:54540",1126,878,248
"Elmont CDP, New York: Summary level: 160, state:36> place:24273",35993,33722,2271
"Greenport West CDP, New York: Summary level: 160, state:36> place:30581",2124,1621,503
"Yorktown Heights CDP, New York: Summary level: 160, state:36> place:84088",1385,1109,276
"Fort Montgomery CDP, New York: Summary level: 160, state:36> place:26902",1586,1454,132
"Pine Bush CDP, New York: Summary level: 160, state:36> place:57980",1421,1030,391
"Walton Park CDP, New York: Summary level: 160, state:36> place:78063",2707,2573,134
"Salisbury CDP, New York: Summary level: 160, state:36> place:64842",11726,10958,768
"South Farmingdale CDP, New York: Summary level: 160, state:36> place:69001",14919,13869,1050
"Bridgeport CDP, New York: Summary level: 160, state:36> place:08147",1554,1238,316
"North Syracuse village, New York: Summary level: 160, state:36> place:53660",6730,4838,1892
"Arkport village, New York: Summary level: 160, state:36> place:02583",853,710,143
"Savona village, New York: Summary level: 160, state:36> place:65354",825,684,141
"South Hill CDP, New York: Summary level: 160, state:36> place:69199",2540,1550,990
"Hagaman village, New York: Summary level: 160, state:36> place:31291",1473,1192,281
"Morrisville village, New York: Summary level: 160, state:36> place:48593",652,486,166
"Andover village, New York: Summary level: 160, state:36> place:02143",818,664,154
"Norwich city, New York: Summary level: 160, state:36> place:53979",6541,4836,1705
"Lyons CDP, New York: Summary level: 160, state:36> place:43962",3373,2679,694
"Gang Mills CDP, New York: Summary level: 160, state:36> place:28145",4361,3800,561
"Oakdale CDP, New York: Summary level: 160, state:36> place:54144",7106,5969,1137
"Orient CDP, New York: Summary level: 160, state:36> place:55321",769,655,114
"Quogue village, New York: Summary level: 160, state:36> place:60422",794,707,87
"Ridge CDP, New York: Summary level: 160, state:36> place:61665",13353,10823,2530
"Ronkonkoma CDP, New York: Summary level: 160, state:36> place:63473",18263,16246,2017
"Bedford CDP, New York: Summary level: 160, state:36> place:05309",2054,1863,191
"Spencer village, New York: Summary level: 160, state:36> place:70167",782,633,149
"Catskill village, New York: Summary level: 160, state:36> place:13002",3785,2681,1104
"Greenville CDP (Greene County), New York: Summary level: 160, state:36> place:30609",597,411,186
"Harrison village, New York: Summary level: 160, state:36> place:32402",24067,21282,2785
"Jefferson Valley-Yorktown CDP, New York: Summary level: 160, state:36> place:38500",14421,12966,1455
"Lake Mohegan CDP, New York: Summary level: 160, state:36> place:40689",5806,5214,592
"Milton CDP (Ulster County), New York: Summary level: 160, state:36> place:47554",1366,1008,358
"Greenwich village, New York: Summary level: 160, state:36> place:30675",1957,1576,381
"Holley village, New York: Summary level: 160, state:36> place:35155",1743,1343,400
"Bohemia CDP, New York: Summary level: 160, state:36> place:07157",9226,7692,1534
"Medford CDP, New York: Summary level: 160, state:36> place:46404",23874,21128,2746
"Town Line CDP, New York: Summary level: 160, state:36> place:75121",1757,1526,231
"Cornwall-on-Hudson village, New York: Summary level: 160, state:36> place:18333",2849,2507,342
"Woodbury village, New York: Summary level: 160, state:36> place:82750",10724,10033,691
"Sagaponack village, New York: Summary level: 160, state:36> place:64452",260,235,25
"Westport CDP, New York: Summary level: 160, state:36> place:80764",394,272,122
"Ticonderoga CDP, New York: Summary level: 160, state:36> place:73880",3019,2607,412
"Schenevus CDP, New York: Summary level: 160, state:36> place:65519",485,402,83
"Fillmore CDP, New York: Summary level: 160, state:36> place:25747",497,415,82
"South Blooming Grove village, New York: Summary level: 160, state:36> place:68610",3145,2775,370
"Andes CDP, New York: Summary level: 160, state:36> place:02121",243,200,43
"Bloomville CDP, New York: Summary level: 160, state:36> place:07025",160,109,51
"Lido Beach CDP, New York: Summary level: 160, state:36> place:42279",2985,2675,310
"Matinecock village, New York: Summary level: 160, state:36> place:46107",897,864,33
"Mill Neck village, New York: Summary level: 160, state:36> place:47405",1011,960,51
"Munsey Park village, New York: Summary level: 160, state:36> place:49231",2719,2653,66
"North Merrick CDP, New York: Summary level: 160, state:36> place:53264",12209,11562,647
"East Nassau village, New York: Summary level: 160, state:36> place:22557",602,520,82
"Menands village, New York: Summary level: 160, state:36> place:46536",3897,2986,911
"Ravena village, New York: Summary level: 160, state:36> place:60675",3215,2574,641
"Hamburg village, New York: Summary level: 160, state:36> place:31643",9598,8012,1586
"Harris Hill CDP, New York: Summary level: 160, state:36> place:32391",5726,4865,861
"Lake Erie Beach CDP, New York: Summary level: 160, state:36> place:40486",3719,2974,745
"Lancaster village, New York: Summary level: 160, state:36> place:41135",10112,7477,2635
"Cayuga Heights village, New York: Summary level: 160, state:36> place:13079",2992,2128,864
